12 0.650585 0.793091 0.398183 0.202968 0.990344
9 0.276293 0.709009 0.189747 0.133685 0.980318
9 0.621676 0.714223 0.191176 0.134079 0.97745
9 0.761005 0.799536 0.0946424 0.0682728 0.967069
8 0.276281 0.40311 0.240483 0.0228829 0.963544
8 0.232722 0.199893 0.155717 0.0228045 0.959307
8 0.23023 0.268892 0.151774 0.0220576 0.94939
12 0.509075 0.333033 0.707554 0.0858517 0.942822
8 0.223129 0.603113 0.147076 0.0227863 0.916407
12 0.282506 0.835192 0.272318 0.122411 0.889993
8 0.26014 0.0989666 0.198488 0.023521 0.859959
12 0.498487 0.647983 0.702336 0.0480389 0.842445
12 0.513214 0.144548 0.710937 0.0528542 0.827323
12 0.379161 0.230628 0.379254 0.0209188 0.817039
9 0.985341 0.756777 0.0293179 0.117694 0.777806
12 0.508812 0.496799 0.633435 0.149295 0.754169
9 0.980108 0.289374 0.0392253 0.125972 0.741945
9 0.987957 0.489492 0.0240407 0.129516 0.645447
12 0.370681 0.530701 0.352471 0.0216518 0.580413
12 0.501313 0.577921 0.668439 0.0503852 0.534835
12 0.345045 0.433438 0.310555 0.0217814 0.476039
12 0.257486 0.707187 0.220615 0.0380268 0.307874
12 0.491928 0.48313 0.6145 0.0515952 0.30145
