9 0.735748 0.795525 0.198384 0.138138 0.979739
9 0.309744 0.807969 0.197044 0.13947 0.96407
10 0.530213 0.434617 0.875002 0.14549 0.940785
1 0.529001 0.0546886 0.243477 0.0212598 0.939084
12 0.850362 0.0897297 0.230366 0.0155603 0.937171
10 0.529696 0.615005 0.873784 0.0567277 0.932342
8 0.181301 0.29079 0.17143 0.0169752 0.904413
12 0.52924 0.243722 0.87539 0.0499019 0.895202
12 0.119735 0.937568 0.0404399 0.0126219 0.893838
12 0.234497 0.14355 0.280615 0.0157116 0.878625
12 0.119965 0.88102 0.0385681 0.0122507 0.856153
8 0.154601 0.543672 0.117609 0.0150409 0.854941
12 0.618936 0.966111 0.194074 0.0147939 0.852537
12 0.135463 0.909157 0.0723066 0.0127324 0.84429
12 0.194755 0.966525 0.187607 0.0139063 0.841861
12 0.119241 0.851589 0.0411298 0.0127289 0.83994
12 0.598927 0.880444 0.151346 0.0139682 0.837061
12 0.917455 0.32186 0.101589 0.0150856 0.82902
12 0.632019 0.937433 0.22148 0.0142922 0.822506
12 0.679856 0.90887 0.315575 0.014064 0.792917
12 0.57741 0.794403 0.112667 0.0135832 0.78578
12 0.150055 0.794605 0.10671 0.0136828 0.778909
8 0.154841 0.680758 0.115981 0.0156794 0.7129
12 0.693634 0.851618 0.345137 0.0143192 0.676044
12 0.681599 0.822814 0.316425 0.0141916 0.655145
12 0.26724 0.171508 0.344534 0.0143458 0.596984
12 0.210706 0.822944 0.225584 0.0129051 0.589202
12 0.594084 0.822612 0.141807 0.0148834 0.474531
