9 0.355284 0.665964 0.180259 0.130766 0.972533
9 0.736421 0.635622 0.209317 0.151038 0.941516
9 0.910418 0.62581 0.0422515 0.113509 0.918609
8 0.169357 0.404426 0.105107 0.0174054 0.914749
12 0.498793 0.241774 0.759992 0.0893495 0.907023
12 0.156853 0.66232 0.0795791 0.0152139 0.893892
12 0.497868 0.149995 0.761033 0.0834051 0.881986
12 0.14174 0.693119 0.0441202 0.0140533 0.87684
12 0.50009 0.352055 0.762105 0.0517346 0.875803
8 0.211052 0.314173 0.172511 0.0161887 0.843124
12 0.563623 0.663572 0.080828 0.0153984 0.828647
12 0.173682 0.0968772 0.110657 0.0172044 0.828169
9 0.940033 0.41075 0.0514357 0.150726 0.825058
12 0.500802 0.431487 0.76839 0.032571 0.77034
12 0.291808 0.626789 0.353116 0.017952 0.747359
12 0.798554 0.968988 0.356726 0.024843 0.72118
12 0.394499 0.547051 0.549932 0.0135591 0.701902
12 0.68327 0.627753 0.337213 0.0174445 0.594059
12 0.417874 0.513149 0.593587 0.0161572 0.500717
12 0.499887 0.505614 0.756047 0.0322339 0.491823
12 0.395903 0.529843 0.535546 0.0151726 0.47557
12 0.499698 0.473154 0.767499 0.0425191 0.399966
12 0.574143 0.695797 0.0948182 0.0184383 0.39382
