5 0.173553 0.043712 0.0474607 0.0350808 0.932284
12 0.24244 0.846319 0.183683 0.0176858 0.920605
9 0.807743 0.160293 0.0991458 0.036067 0.917308
6 0.24615 0.0479642 0.0916553 0.025447 0.912032
12 0.502063 0.226847 0.693789 0.0612982 0.89736
9 0.972159 0.447397 0.0418383 0.1119 0.88743
12 0.501982 0.713052 0.70364 0.062235 0.884331
8 0.2537 0.556606 0.200968 0.0186592 0.869385
7 0.489126 0.933524 0.105846 0.0154206 0.868745
12 0.248216 0.757931 0.186533 0.01874 0.835293
12 0.527722 0.290008 0.457423 0.0178978 0.832761
8 0.235816 0.423594 0.157942 0.0178997 0.83207
1 0.503112 0.113479 0.663972 0.0609797 0.826294
12 0.217727 0.779651 0.133855 0.0187259 0.814015
12 0.498752 0.589807 0.695261 0.0393526 0.791951
12 0.374296 0.158887 0.42821 0.0189083 0.787677
12 0.47871 0.655882 0.647339 0.0387134 0.769091
12 0.509757 0.380362 0.674723 0.0626132 0.76884
12 0.231663 0.868562 0.162059 0.0184335 0.757757
12 0.5338 0.335238 0.439775 0.0172172 0.757515
8 0.222038 0.824139 0.143344 0.0181132 0.74974
12 0.404232 0.891813 0.447776 0.0180519 0.732755
8 0.228484 0.289995 0.137035 0.0171967 0.721457
12 0.419205 0.312954 0.212978 0.0172261 0.711872
12 0.46707 0.445657 0.614004 0.0181182 0.708191
4 0.761096 0.0482855 0.167591 0.0199464 0.66531
8 0.273486 0.623946 0.242793 0.0177697 0.651577
12 0.508286 0.503167 0.685181 0.082022 0.639689
8 0.226396 0.312611 0.14373 0.0163908 0.588355
12 0.271465 0.623826 0.246535 0.01786 0.587404
12 0.415949 0.181896 0.504601 0.0183825 0.580936
12 0.388927 0.913815 0.480518 0.018775 0.557767
12 0.519249 0.803779 0.678769 0.0216744 0.542511
7 0.76979 0.933499 0.139644 0.020544 0.536874
8 0.225885 0.33514 0.140336 0.0170297 0.496351
2 0.770579 0.933709 0.14147 0.0197983 0.476038
12 0.250301 0.602016 0.141665 0.0169534 0.300443
