9 0.677434 0.580048 0.189127 0.133674 0.983166
9 0.306184 0.56188 0.215909 0.15107 0.972155
12 0.492515 0.145632 0.74364 0.0716951 0.932345
12 0.490256 0.22901 0.738637 0.0734364 0.909665
12 0.302587 0.535768 0.284973 0.017836 0.906743
9 0.885452 0.674286 0.0751051 0.150521 0.886165
12 0.488486 0.298498 0.736059 0.045575 0.885685
12 0.267375 0.647147 0.209798 0.0169876 0.84832
12 0.264497 0.674586 0.209122 0.0186082 0.846673
12 0.368909 0.369123 0.425324 0.0183662 0.845396
12 0.468054 0.342403 0.63701 0.0211386 0.839174
12 0.270477 0.732003 0.229836 0.0220106 0.817386
8 0.231133 0.0888708 0.146116 0.0196806 0.723492
12 0.338781 0.702927 0.359628 0.0159901 0.719915
12 0.594271 0.564815 0.101793 0.0158427 0.676669
12 0.233949 0.478885 0.233093 0.0193099 0.643045
12 0.215101 0.591516 0.114025 0.0176318 0.636061
12 0.489251 0.425174 0.726017 0.0215365 0.628543
12 0.672627 0.653549 0.256771 0.0205741 0.626883
12 0.658597 0.537227 0.231608 0.0192709 0.62485
12 0.650088 0.735611 0.219796 0.0246462 0.622014
12 0.607763 0.593077 0.129872 0.0168792 0.557011
12 0.609367 0.620867 0.132547 0.017329 0.540148
12 0.495406 0.454205 0.727559 0.0206058 0.53281
12 0.454455 0.397222 0.622597 0.0205378 0.520263
12 0.26334 0.618748 0.208695 0.0159535 0.498717
12 0.230064 0.562935 0.141685 0.0164936 0.466464
12 0.170669 0.562898 0.0243615 0.0149398 0.438808
12 0.557035 0.564884 0.0285145 0.0156367 0.308432
