10 0.503366 0.35865 0.824297 0.218329 0.977849
6 0.282023 0.0845803 0.163429 0.0415126 0.975705
9 0.950052 0.503672 0.0994842 0.154242 0.970829
9 0.763938 0.772635 0.199972 0.142261 0.967029
5 0.160246 0.082848 0.0753104 0.0542741 0.949779
12 0.511733 0.643997 0.814026 0.0497462 0.935147
1 0.51171 0.162409 0.208448 0.0303113 0.933901
4 0.741978 0.0411789 0.234581 0.0180282 0.926202
4 0.809368 0.13493 0.218263 0.0154819 0.920354
4 0.788308 0.0649715 0.330526 0.0151132 0.891533
4 0.699708 0.108522 0.148226 0.0146002 0.872119
4 0.691442 0.0863086 0.135311 0.0151649 0.862667
12 0.35357 0.608541 0.498623 0.0167439 0.849746
12 0.849582 0.168304 0.11308 0.0149654 0.836617
12 0.511281 0.579743 0.810563 0.0353186 0.831932
12 0.509418 0.502514 0.809409 0.0349143 0.797149
12 0.731888 0.191358 0.361953 0.0205004 0.777223
12 0.378012 0.682173 0.479591 0.0157946 0.756112
12 0.267447 0.228548 0.33885 0.0161236 0.753471
12 0.265116 0.72156 0.320401 0.0151291 0.752351
12 0.607426 0.211512 0.108526 0.0165346 0.725632
4 0.269834 0.0245507 0.459494 0.0164366 0.716782
2 0.501342 0.942658 0.162898 0.0144997 0.711281
12 0.26062 0.190613 0.329811 0.0172259 0.69612
12 0.493135 0.748638 0.768136 0.0346439 0.679251
12 0.428196 0.702398 0.643532 0.0167822 0.650496
2 0.50905 0.957361 0.735356 0.0171548 0.626675
12 0.508848 0.54127 0.808676 0.0350088 0.611183
12 0.182816 0.210003 0.16987 0.0151084 0.507092
8 0.27412 0.228912 0.329814 0.0158814 0.305726
