12 0.513705 0.842918 0.766382 0.0736216 0.967938
12 0.510433 0.738987 0.762178 0.116412 0.962232
10 0.527992 0.468138 0.79206 0.155246 0.958058
10 0.517583 0.333779 0.768194 0.0566382 0.950132
12 0.513042 0.624514 0.766069 0.094613 0.944522
12 0.506749 0.247139 0.761071 0.0549469 0.944297
12 0.288774 0.203242 0.279608 0.0144731 0.927348
12 0.2961 0.178 0.292774 0.0158184 0.896881
1 0.511502 0.135961 0.227591 0.0252741 0.877883
9 0.966653 0.490068 0.0646645 0.131068 0.876468
8 0.31083 0.291452 0.319617 0.0137745 0.808408
8 0.228411 0.560435 0.149533 0.0139959 0.716892
9 0.988517 0.308298 0.0214366 0.0907448 0.682658
