12 0.516757 0.481469 0.763175 0.0960703 0.978028
12 0.514671 0.260048 0.76727 0.116527 0.973494
10 0.521854 0.642344 0.762396 0.117005 0.970873
12 0.5147 0.387781 0.763444 0.0749583 0.970717
12 0.519531 0.836865 0.758115 0.0944426 0.961499
12 0.512718 0.154781 0.771661 0.0722065 0.916615
10 0.526126 0.742152 0.75688 0.0360809 0.84583
8 0.231665 0.334473 0.143146 0.0161076 0.784647
8 0.21955 0.546848 0.118172 0.016288 0.770087
9 0.0376024 0.490609 0.0617295 0.140818 0.717907
9 0.0211363 0.306541 0.028558 0.102173 0.493849
11 0.215384 0.570787 0.111438 0.0154174 0.413045
