10 0.529508 0.600096 0.805542 0.347057 0.986573
10 0.538344 0.293586 0.812408 0.256574 0.979828
9 0.25784 0.905521 0.189213 0.130762 0.977325
9 0.708251 0.893393 0.195552 0.130621 0.96029
9 0.0465655 0.901431 0.093131 0.130193 0.953726
1 0.541907 0.131578 0.257737 0.0333342 0.939597
12 0.552997 0.942718 0.0501904 0.0177109 0.922057
12 0.797439 0.127564 0.211647 0.0221013 0.856856
2 0.871624 0.988787 0.0908777 0.0134001 0.845325
4 0.801916 0.0737502 0.314097 0.024566 0.798494
10 0.527641 0.823096 0.800886 0.0406701 0.774888
12 0.577056 0.869347 0.100411 0.0187467 0.738876
12 0.576788 0.906048 0.0993266 0.0184958 0.720441
12 0.15576 0.9296 0.0521309 0.0186337 0.701049
12 0.183796 0.894483 0.111815 0.018594 0.683325
12 0.173415 0.857479 0.0891907 0.0184433 0.661894
