10 0.523546 0.70152 0.724899 0.149605 0.980242
9 0.301809 0.707387 0.216267 0.150497 0.978608
12 0.519544 0.347238 0.763084 0.116679 0.977314
9 0.678274 0.695821 0.195445 0.136786 0.96593
12 0.516931 0.24343 0.763764 0.0759534 0.948514
12 0.512034 0.146359 0.761629 0.0566762 0.93057
8 0.209964 0.189654 0.101768 0.017055 0.927511
12 0.275967 0.613649 0.226375 0.0163548 0.91394
12 0.258244 0.541357 0.188306 0.0171635 0.898199
12 0.330841 0.589172 0.322289 0.0172212 0.894909
12 0.511689 0.482131 0.737725 0.038817 0.894001
12 0.258235 0.565393 0.1868 0.0172801 0.884419
12 0.517167 0.432049 0.759067 0.0403506 0.880127
12 0.491394 0.517599 0.68486 0.0176969 0.699222
