9 0.360685 0.324327 0.188197 0.134494 0.969819
9 0.617629 0.791385 0.191599 0.132087 0.969153
9 0.40454 0.526756 0.18158 0.128665 0.967125
8 0.224947 0.132957 0.146995 0.01969 0.942752
9 0.430822 0.883064 0.0982885 0.0685825 0.940755
12 0.368273 0.652906 0.351655 0.0195325 0.926208
12 0.328449 0.618096 0.283899 0.0209611 0.920204
12 0.361065 0.688026 0.350691 0.0211187 0.918164
9 0.962106 0.43071 0.0293988 0.099039 0.908943
8 0.256112 0.228568 0.203036 0.0193867 0.902396
12 0.501663 0.746721 0.706992 0.0453618 0.901967
9 0.92795 0.628409 0.0260469 0.0869832 0.884882
12 0.364048 0.431405 0.356431 0.0203329 0.877245
12 0.45279 0.803543 0.555287 0.0209793 0.864229
12 0.422945 0.399953 0.465893 0.0163951 0.864202
12 0.215288 0.510976 0.0548315 0.0172704 0.85194
12 0.704079 0.89374 0.067842 0.0187397 0.84955
9 0.546033 0.373584 0.179857 0.0412394 0.849337
12 0.502586 0.182388 0.70544 0.0461818 0.846484
12 0.38995 0.325603 0.334317 0.0200857 0.834125
12 0.349276 0.58246 0.322707 0.0197843 0.824766
12 0.283112 0.893349 0.194519 0.0196215 0.822684
9 0.971997 0.206371 0.033162 0.109179 0.799898
12 0.501711 0.276342 0.701278 0.042831 0.798769
12 0.215606 0.360344 0.0543427 0.0172031 0.780087
12 0.213278 0.848682 0.0509567 0.0162025 0.722599
12 0.422256 0.546318 0.467763 0.0212505 0.719526
12 0.458059 0.0986016 0.541619 0.0200805 0.715516
12 0.375166 0.475111 0.372891 0.02322 0.673495
