12 0.510518 0.714613 0.763789 0.113627 0.968188
10 0.521515 0.328148 0.77726 0.0566658 0.967322
12 0.512474 0.830291 0.76619 0.0959716 0.966513
12 0.512044 0.600732 0.764503 0.0947318 0.940916
12 0.511686 0.241273 0.765417 0.0550562 0.936275
10 0.529673 0.454093 0.795679 0.13838 0.928646
12 0.293075 0.197293 0.276386 0.0147594 0.924909
1 0.516094 0.130046 0.225294 0.024171 0.887864
9 0.9879 0.311961 0.0242 0.0897317 0.876481
8 0.312004 0.284952 0.314136 0.0134258 0.852761
8 0.230034 0.5364 0.151665 0.0136697 0.832104
12 0.298651 0.172496 0.288928 0.015643 0.768191
9 0.987841 0.534108 0.0235592 0.094795 0.620363
