12 0.519391 0.824112 0.758655 0.116567 0.971264
12 0.521244 0.236884 0.763685 0.116201 0.970152
12 0.519792 0.365156 0.763657 0.0746246 0.969796
10 0.524122 0.619962 0.758124 0.11636 0.966105
12 0.517771 0.143115 0.761756 0.0550103 0.965241
12 0.52298 0.458816 0.761129 0.0925771 0.959574
10 0.522885 0.720669 0.761503 0.0337101 0.878348
8 0.235048 0.31105 0.145803 0.0169729 0.83579
9 0.0252011 0.529739 0.0333807 0.105072 0.783574
8 0.222713 0.523171 0.117238 0.0164559 0.645064
12 0.218307 0.547241 0.110887 0.0160257 0.547959
