9 0.682737 0.381769 0.191164 0.136066 0.982098
9 0.644929 0.756649 0.190387 0.133163 0.975201
9 0.290448 0.39196 0.197294 0.141814 0.970875
9 0.378184 0.788337 0.0954284 0.0691495 0.961623
12 0.620282 0.503712 0.362838 0.111088 0.961282
12 0.678201 0.381798 0.476227 0.0648428 0.934917
8 0.186904 0.269925 0.152833 0.0194203 0.897973
12 0.512022 0.300945 0.800443 0.0394626 0.865876
12 0.509542 0.685372 0.775436 0.0440054 0.855769
12 0.19005 0.584809 0.220381 0.0272889 0.831309
9 0.981596 0.60179 0.036704 0.129421 0.803157
12 0.446334 0.744383 0.578633 0.0213179 0.761251
12 0.234929 0.371542 0.299173 0.0449802 0.761191
8 0.249231 0.0879698 0.265977 0.0200762 0.733045
12 0.474629 0.779952 0.55668 0.0208519 0.726624
12 0.69499 0.584404 0.221713 0.0271842 0.586
9 0.985178 0.787694 0.0281468 0.0633829 0.492435
9 0.987685 0.710262 0.0246307 0.0491104 0.485215
8 0.247662 0.109134 0.202489 0.0170815 0.467452
12 0.383813 0.148441 0.496012 0.117338 0.44715
9 0.989156 0.454355 0.0216243 0.0421811 0.370958
9 0.985955 0.750531 0.0280905 0.139683 0.354367
12 0.305499 0.780512 0.302232 0.019629 0.353862
12 0.51493 0.223708 0.790625 0.0454544 0.32057
