9 0.42231 0.654931 0.200621 0.139414 0.970082
10 0.499015 0.325819 0.820346 0.17431 0.967661
10 0.508455 0.754404 0.810292 0.239893 0.96549
6 0.274333 0.0803 0.16444 0.0390045 0.964489
5 0.154031 0.0784933 0.0722439 0.0520105 0.963234
9 0.815517 0.685329 0.198127 0.120976 0.948536
4 0.731264 0.0372005 0.231797 0.018339 0.932563
1 0.498936 0.154864 0.207294 0.0283833 0.921663
12 0.630045 0.182832 0.144449 0.0177952 0.907053
4 0.796589 0.127415 0.218814 0.0138595 0.854421
4 0.259053 0.021655 0.430905 0.0163068 0.84132
4 0.68207 0.0809245 0.132554 0.0143819 0.831945
4 0.778771 0.0596595 0.324416 0.0148734 0.826888
12 0.60889 0.20287 0.105627 0.0160298 0.811391
12 0.838007 0.16018 0.122567 0.0141999 0.809494
12 0.256261 0.183233 0.32801 0.0156764 0.791529
12 0.861226 0.183646 0.0839659 0.0177651 0.7904
2 0.489463 0.919525 0.157012 0.014133 0.790202
12 0.17629 0.201681 0.165576 0.0145548 0.770763
4 0.706284 0.101785 0.183713 0.0138083 0.769673
12 0.338058 0.438753 0.458535 0.0146773 0.760389
12 0.345562 0.494736 0.472885 0.0144583 0.758507
12 0.252128 0.606113 0.298466 0.0152812 0.756525
12 0.437768 0.540696 0.671609 0.0720766 0.744953
12 0.499689 0.466108 0.792864 0.033849 0.700515
12 0.260528 0.219568 0.338722 0.0157006 0.600943
2 0.488745 0.934968 0.65853 0.0160995 0.474583
12 0.406573 0.568112 0.537466 0.0164948 0.423424
