12 0.487768 0.689718 0.766751 0.246344 0.95284
7 0.483965 0.943154 0.109609 0.0179956 0.925228
8 0.259036 0.407699 0.294562 0.0155411 0.922988
6 0.201427 0.0526489 0.0827507 0.0262517 0.921354
12 0.327373 0.287842 0.433708 0.0742215 0.921276
5 0.138573 0.0484159 0.0406421 0.0304695 0.919775
12 0.491465 0.38001 0.758852 0.0359349 0.905385
12 0.492844 0.49155 0.769878 0.111104 0.89777
8 0.236151 0.816947 0.278258 0.0161085 0.869129
9 0.942628 0.51923 0.0578406 0.131347 0.868691
1 0.502936 0.121175 0.487918 0.0282871 0.845572
8 0.201057 0.351815 0.169103 0.0147748 0.82874
12 0.497209 0.215929 0.768335 0.0376089 0.792888
8 0.175018 0.425815 0.122617 0.0154489 0.767855
12 0.383747 0.891265 0.573984 0.050699 0.749067
12 0.324334 0.160787 0.407999 0.0217671 0.711317
8 0.172805 0.555405 0.127391 0.0160627 0.696958
12 0.298858 0.183923 0.374475 0.0188178 0.654585
8 0.174813 0.240596 0.118991 0.0149306 0.650879
12 0.483847 0.845215 0.765016 0.0316922 0.444258
12 0.712952 0.0526103 0.328116 0.0399093 0.350216
8 0.267962 0.334397 0.315493 0.017676 0.338602
