10 0.46362 0.434309 0.780669 0.172151 0.973976
12 0.462842 0.569042 0.767872 0.059178 0.920895
1 0.487167 0.0304768 0.208751 0.0307596 0.919688
12 0.473283 0.738541 0.807211 0.0413647 0.902895
8 0.157694 0.787641 0.167035 0.018216 0.87973
8 0.151396 0.319238 0.152879 0.0179721 0.869773
12 0.478752 0.271267 0.809397 0.0419832 0.858858
12 0.484708 0.846311 0.823952 0.0987464 0.855366
12 0.615386 0.0804908 0.236124 0.0561932 0.824877
12 0.485657 0.204117 0.812912 0.0543497 0.791511
12 0.495202 0.815429 0.800732 0.034462 0.776972
12 0.271073 0.628324 0.390275 0.0178757 0.681708
9 0.962307 0.563926 0.0156533 0.0739527 0.678593
12 0.293611 0.668765 0.43779 0.0192657 0.634099
12 0.235559 0.338387 0.317116 0.0160657 0.5265
12 0.277889 0.646622 0.413675 0.0545547 0.482008
8 0.239055 0.707883 0.317055 0.0191579 0.436461
12 0.221251 0.648663 0.303538 0.0164303 0.430527
12 0.2391 0.706917 0.335636 0.0186743 0.417894
