10 0.508375 0.70628 0.765885 0.161617 0.950601
12 0.507704 0.328482 0.811262 0.124323 0.930844
12 0.503845 0.217536 0.803932 0.0816857 0.928425
9 0.636981 0.665371 0.190611 0.1356 0.916551
8 0.180977 0.159186 0.107641 0.0178024 0.899594
9 0.34026 0.685955 0.21609 0.148528 0.893751
12 0.50614 0.11169 0.808874 0.0593813 0.891694
12 0.509109 0.419692 0.808018 0.0453862 0.806316
12 0.246552 0.609656 0.233795 0.0182185 0.788352
12 0.228343 0.558276 0.20074 0.0185043 0.779787
12 0.502363 0.470643 0.795084 0.035907 0.76661
12 0.303168 0.583687 0.346622 0.0184511 0.674184
12 0.228476 0.532993 0.202978 0.0184542 0.633226
12 0.467489 0.508435 0.662413 0.0204647 0.518166
