9 0.376645 0.513267 0.200873 0.138841 0.906864
12 0.327533 0.898332 0.417106 0.032362 0.795823
12 0.50987 0.189009 0.745804 0.0818567 0.776635
12 0.335067 0.619994 0.422124 0.0259888 0.714449
12 0.506892 0.10487 0.743677 0.0767842 0.638831
9 0.534177 0.67346 0.101386 0.100873 0.552894
12 0.274722 0.755427 0.304465 0.0367783 0.529391
12 0.199213 0.515671 0.151389 0.0261815 0.500691
12 0.35327 0.246683 0.381192 0.0222123 0.414003
12 0.195605 0.758728 0.146529 0.0238505 0.372613
10 0.528444 0.357725 0.717383 0.149574 0.366386
