12 0.429769 0.871983 0.464195 0.0249591 0.830056
12 0.469459 0.684915 0.550393 0.0247183 0.811518
12 0.402618 0.329949 0.489428 0.0210892 0.786132
12 0.368758 0.292894 0.420107 0.0227604 0.772154
12 0.701319 0.264675 0.166495 0.015373 0.734913
1 0.504771 0.176527 0.268935 0.0328182 0.680742
12 0.508046 0.532898 0.71805 0.0578637 0.672109
12 0.317992 0.815698 0.238947 0.0265193 0.667239
12 0.380302 0.589658 0.375823 0.0236974 0.636202
12 0.714909 0.227056 0.195679 0.0159239 0.619855
12 0.719849 0.246293 0.20156 0.0547446 0.613142
12 0.509829 0.456927 0.689316 0.0560831 0.573628
9 0.985018 0.35143 0.0299632 0.109898 0.558033
12 0.718592 0.246122 0.203807 0.0150498 0.525495
12 0.513904 0.384757 0.67245 0.0672023 0.487721
12 0.511885 0.622932 0.625957 0.027674 0.437373
12 0.524608 0.3663 0.642925 0.0245935 0.408182
12 0.490722 0.720493 0.660612 0.0242269 0.400053
12 0.504795 0.403821 0.617579 0.0225321 0.357905
12 0.50258 0.742887 0.685024 0.070971 0.337015
