9 0.759564 0.413441 0.181018 0.127459 0.918139
9 0.393574 0.475216 0.188859 0.132743 0.915481
9 0.674519 0.737116 0.191081 0.137324 0.915163
8 0.20964 0.334501 0.130552 0.0192821 0.834012
12 0.496135 0.701618 0.677892 0.0494821 0.825295
9 0.527074 0.802459 0.0935073 0.0702102 0.821394
12 0.346711 0.865758 0.305998 0.0289931 0.771594
12 0.337804 0.239292 0.296931 0.0192707 0.759725
9 0.973754 0.531577 0.0524913 0.123272 0.754204
12 0.685702 0.491351 0.340832 0.217015 0.740717
12 0.456854 0.267669 0.531229 0.0211569 0.736072
12 0.316432 0.157164 0.259807 0.0195016 0.735304
12 0.449166 0.184107 0.517259 0.021143 0.730572
12 0.277491 0.505832 0.18229 0.0913208 0.710274
12 0.433593 0.792951 0.486677 0.0203295 0.699197
12 0.461541 0.757681 0.551802 0.0208314 0.66985
9 0.980025 0.197246 0.0372679 0.10317 0.635232
9 0.984032 0.815877 0.0319352 0.113522 0.58675
12 0.250082 0.132038 0.209976 0.0198336 0.525985
12 0.45534 0.828271 0.526068 0.0214512 0.521893
12 0.258059 0.2125 0.135928 0.0186392 0.503759
12 0.234901 0.572273 0.0944528 0.0172379 0.472283
12 0.33555 0.388732 0.298015 0.0197904 0.447005
12 0.51622 0.381676 0.665842 0.0665715 0.421588
12 0.62624 0.506588 0.231416 0.108668 0.414992
12 0.286884 0.593226 0.199799 0.0176344 0.409252
12 0.681273 0.570184 0.338232 0.0164224 0.404529
12 0.514069 0.360058 0.686048 0.026152 0.389123
12 0.525252 0.686317 0.645928 0.019532 0.379172
12 0.415262 0.713277 0.506621 0.0192961 0.318571
12 0.233837 0.532526 0.0919962 0.0179913 0.311495
