9 0.320228 0.833093 0.220451 0.156196 0.929873
12 0.507205 0.305579 0.767995 0.172147 0.897089
12 0.505735 0.590308 0.758691 0.0799043 0.891065
12 0.655724 0.918305 0.269903 0.0250111 0.816653
12 0.505937 0.481694 0.762698 0.113719 0.785006
1 0.503822 0.105612 0.291401 0.0380781 0.780089
12 0.428238 0.768865 0.557748 0.0259256 0.745608
12 0.289887 0.168913 0.331691 0.0234445 0.73254
12 0.254588 0.199763 0.259792 0.0232926 0.637801
12 0.290973 0.845681 0.327921 0.0552636 0.618744
12 0.281411 0.827261 0.312264 0.0250678 0.490492
12 0.650409 0.827893 0.261921 0.0248182 0.466247
12 0.506548 0.695433 0.764467 0.107904 0.441802
12 0.671898 0.853357 0.287289 0.0710961 0.428563
12 0.502127 0.724376 0.759843 0.0481956 0.330026
