10 0.510277 0.325687 0.773818 0.0818268 0.933668
12 0.508358 0.842642 0.775054 0.0759612 0.933396
10 0.521541 0.465898 0.810469 0.142879 0.927952
12 0.505044 0.735143 0.776706 0.118783 0.926742
12 0.50667 0.223233 0.767523 0.0553556 0.893669
12 0.50814 0.619827 0.777031 0.096555 0.889823
8 0.217426 0.55353 0.151005 0.0157059 0.872801
8 0.312102 0.269098 0.318554 0.0156074 0.867301
1 0.504202 0.110486 0.224425 0.0244171 0.853094
12 0.285264 0.154234 0.291321 0.0173392 0.81663
12 0.279959 0.17969 0.280784 0.0170422 0.800199
9 0.976483 0.5091 0.0470346 0.129074 0.749872
9 0.982422 0.346181 0.035156 0.105721 0.709528
