8 0.195576 0.404385 0.11405 0.0163834 0.963859
10 0.504288 0.50378 0.770654 0.109454 0.926728
9 0.708604 0.495159 0.189262 0.133068 0.926049
12 0.504076 0.160321 0.778156 0.0571409 0.899442
9 0.3234 0.498884 0.215766 0.149605 0.897335
12 0.502361 0.225501 0.778638 0.0560088 0.896549
8 0.217893 0.112891 0.150997 0.0184832 0.871179
12 0.496642 0.292546 0.780642 0.0562123 0.83547
12 0.504295 0.371128 0.766469 0.0397487 0.782848
8 0.230134 0.33474 0.189247 0.0174929 0.680004
12 0.510693 0.431646 0.661898 0.0187416 0.550829
