12 0.512814 0.835937 0.78633 0.0823269 0.92771
8 0.183125 0.78172 0.131352 0.0189693 0.89749
8 0.232044 0.234864 0.233684 0.0187777 0.851776
8 0.233004 0.572701 0.229235 0.0183904 0.840778
8 0.160357 0.445004 0.0907651 0.0184581 0.834562
12 0.510784 0.341137 0.78959 0.0513965 0.832943
12 0.51214 0.655622 0.799326 0.052204 0.818773
12 0.508606 0.286982 0.787165 0.0373231 0.803768
12 0.513187 0.721591 0.793349 0.0591979 0.794247
12 0.512852 0.602564 0.794441 0.0366067 0.768679
12 0.282381 0.129597 0.326941 0.0203185 0.750147
12 0.511715 0.393312 0.786618 0.0390304 0.720178
12 0.510459 0.179228 0.790963 0.0416273 0.716389
12 0.345487 0.46712 0.410307 0.0166178 0.712029
12 0.419488 0.488034 0.537034 0.0176593 0.710061
12 0.231755 0.0888695 0.226689 0.0207214 0.682289
8 0.268003 0.25627 0.231119 0.0170814 0.555473
12 0.510902 0.522276 0.791181 0.0435533 0.445795
12 0.267401 0.256283 0.231214 0.0174985 0.324048
