9 0.697341 0.831124 0.190197 0.133893 0.937528
12 0.489225 0.473867 0.679388 0.170117 0.929091
9 0.287804 0.820156 0.194178 0.141764 0.928437
12 0.495324 0.324937 0.680285 0.0953125 0.898581
12 0.260223 0.179484 0.212483 0.026863 0.723805
12 0.649639 0.179152 0.369313 0.0254138 0.677339
12 0.493515 0.715075 0.68178 0.0699749 0.602027
12 0.27212 0.217095 0.234515 0.0244326 0.584339
12 0.629222 0.824676 0.208472 0.061903 0.534131
12 0.581206 0.21696 0.224754 0.0219082 0.522233
12 0.494197 0.107739 0.109907 0.0252211 0.469827
12 0.506111 0.584663 0.622901 0.0273124 0.465718
12 0.495067 0.626003 0.671734 0.0897813 0.393306
12 0.510825 0.695786 0.640562 0.0281361 0.37935
12 0.494354 0.197136 0.686787 0.0685624 0.340956
