5 0.159256 0.103605 0.0669143 0.0487728 0.948055
10 0.500247 0.737222 0.726669 0.167539 0.936648
9 0.348605 0.682562 0.179678 0.125908 0.922862
6 0.267832 0.105271 0.147545 0.0359474 0.898003
9 0.618963 0.674374 0.203386 0.140006 0.89754
4 0.679965 0.0666433 0.211298 0.0162262 0.870252
10 0.50706 0.310748 0.769243 0.119568 0.837064
4 0.253529 0.0523066 0.395236 0.0137038 0.836987
1 0.505849 0.173666 0.185351 0.0252662 0.835203
12 0.251527 0.198678 0.293467 0.0151076 0.828609
4 0.654847 0.125517 0.160287 0.0116463 0.8113
12 0.178279 0.215581 0.149427 0.0134622 0.798538
12 0.794527 0.200598 0.078934 0.014974 0.79524
12 0.334046 0.49437 0.437539 0.0132776 0.785112
4 0.801713 0.149407 0.196176 0.014033 0.784156
4 0.633657 0.106795 0.120214 0.01233 0.778089
12 0.568233 0.217166 0.0951985 0.0152384 0.766788
2 0.487052 0.858021 0.237934 0.0121999 0.758371
12 0.803128 0.179631 0.10836 0.0128221 0.756531
4 0.722605 0.0878415 0.290994 0.0139606 0.739809
12 0.259257 0.232266 0.30001 0.013487 0.727151
12 0.54631 0.199747 0.0500713 0.0142861 0.663606
12 0.50624 0.402619 0.779995 0.0314524 0.642628
2 0.488575 0.871712 0.666708 0.0165804 0.642397
12 0.508567 0.536108 0.78534 0.0655422 0.617808
12 0.506497 0.470957 0.785798 0.0333763 0.570629
12 0.533733 0.436118 0.666255 0.0288732 0.394344
12 0.260941 0.626123 0.253297 0.0131902 0.383424
12 0.505044 0.617134 0.769961 0.0236939 0.361821
