10 0.516707 0.744726 0.873384 0.207897 0.931131
9 0.841309 0.724181 0.201099 0.136765 0.912736
5 0.106179 0.0987573 0.0486192 0.0352571 0.912057
10 0.511924 0.310956 0.877983 0.17943 0.902095
9 0.379829 0.723916 0.202451 0.138558 0.899851
6 0.189341 0.100296 0.109975 0.0268402 0.851253
1 0.499273 0.133987 0.166887 0.0299954 0.850614
4 0.838261 0.0891065 0.219049 0.0154085 0.841214
12 0.315008 0.519186 0.464315 0.0134607 0.756889
4 0.814836 0.107245 0.266595 0.0162031 0.747895
2 0.506945 0.854222 0.474804 0.0146822 0.670488
12 0.512396 0.423944 0.870901 0.0373257 0.66992
12 0.225179 0.595752 0.286794 0.0125809 0.639062
12 0.507815 0.541875 0.852046 0.0317721 0.613356
12 0.510892 0.617414 0.855689 0.028261 0.609044
10 0.517805 0.187842 0.870871 0.071754 0.605733
2 0.516086 0.886128 0.293875 0.0145154 0.598314
12 0.5131 0.496401 0.865696 0.0327983 0.597002
2 0.489257 0.870002 0.66532 0.0167563 0.580334
12 0.385443 0.564906 0.598898 0.0140455 0.489329
12 0.391158 0.581076 0.619478 0.014086 0.448904
12 0.507833 0.463318 0.875816 0.033976 0.3751
