5 0.168823 0.0988192 0.0790192 0.0468985 0.880905
6 0.322404 0.0983782 0.227184 0.0460119 0.878322
9 0.874841 0.0566321 0.201034 0.0688187 0.870799
12 0.52498 0.373825 0.33369 0.0248522 0.807211
12 0.507628 0.691591 0.493491 0.0255754 0.78921
12 0.47275 0.84613 0.422629 0.0271731 0.733652
1 0.497285 0.296265 0.559488 0.0374108 0.7134
12 0.518245 0.730029 0.516068 0.0242852 0.69151
1 0.498989 0.335211 0.563112 0.116494 0.521655
12 0.56849 0.748983 0.625108 0.149761 0.450497
12 0.573051 0.787437 0.615484 0.0629245 0.421463
12 0.572904 0.769474 0.615594 0.0256579 0.367587
