10 0.478946 0.34956 0.862117 0.301665 0.908514
12 0.440887 0.128 0.123376 0.0163054 0.832764
12 0.641182 0.182824 0.520815 0.0144347 0.81306
12 0.480399 0.155799 0.198609 0.0159063 0.807971
12 0.484718 0.0997082 0.207622 0.0153858 0.802435
12 0.169924 0.0976645 0.238319 0.0166221 0.800515
9 0.961833 0.790751 0.0632214 0.132767 0.790707
12 0.335124 0.798619 0.57005 0.0175011 0.752135
12 0.490361 0.883842 0.836797 0.0725996 0.725636
12 0.486909 0.700828 0.837073 0.157925 0.718057
12 0.473207 0.577798 0.805666 0.0226526 0.615926
1 0.48003 0.0668712 0.212737 0.0273799 0.575088
12 0.401659 0.604901 0.65072 0.0152885 0.487585
12 0.474479 0.525298 0.844235 0.024807 0.487213
12 0.164979 0.126477 0.228556 0.0204129 0.480309
12 0.244221 0.12676 0.0645305 0.0148167 0.4575
9 0.98743 0.657615 0.0225762 0.142304 0.428495
8 0.0831061 0.182497 0.0649076 0.0140509 0.411188
12 0.478193 0.537615 0.815411 0.0399389 0.397396
12 0.843818 0.82586 0.119801 0.0160832 0.389366
12 0.42379 0.549519 0.650597 0.0174233 0.373678
