5 0.15369 0.0846447 0.0762848 0.0525226 0.953345
10 0.509456 0.678784 0.837019 0.188567 0.932958
9 0.324953 0.607735 0.197365 0.140212 0.925284
1 0.497887 0.161918 0.206225 0.0288894 0.910548
10 0.498281 0.286691 0.825242 0.0788626 0.905848
6 0.275606 0.0864774 0.162045 0.0387319 0.89132
4 0.777206 0.0672596 0.322374 0.0140418 0.860802
4 0.732452 0.0443015 0.232063 0.0176301 0.85594
12 0.175363 0.208251 0.164093 0.0144782 0.828773
12 0.627497 0.209856 0.105751 0.0167572 0.821345
12 0.802401 0.191454 0.0671299 0.0156076 0.819365
12 0.836036 0.167703 0.118677 0.0147724 0.81429
4 0.682086 0.0881026 0.130841 0.0136529 0.802789
4 0.797025 0.134987 0.219612 0.0149896 0.801393
12 0.344111 0.42598 0.48494 0.0164834 0.799532
4 0.705973 0.109031 0.181172 0.0132072 0.789924
12 0.258148 0.189355 0.322535 0.0172068 0.784507
2 0.532884 0.946088 0.661876 0.0162652 0.731426
12 0.427122 0.537154 0.62388 0.0157435 0.7112
4 0.262289 0.0288231 0.441508 0.0162643 0.71089
2 0.483238 0.930413 0.260555 0.0142174 0.707199
12 0.258629 0.227359 0.333891 0.0148206 0.678261
12 0.602739 0.19025 0.0529667 0.0161626 0.670955
12 0.498099 0.397985 0.796202 0.0315656 0.668619
12 0.498374 0.359737 0.802724 0.0369157 0.647024
12 0.2464 0.555235 0.296288 0.0140042 0.593866
12 0.239924 0.574034 0.290189 0.0147921 0.54715
12 0.491352 0.48359 0.782059 0.0840062 0.483435
12 0.416897 0.518405 0.590669 0.0146017 0.441028
9 0.703613 0.650036 0.253668 0.173182 0.360091
12 0.534323 0.352445 0.658983 0.0199866 0.312356
