9 0.356643 0.633281 0.192035 0.135105 0.944146
10 0.51182 0.689546 0.775615 0.178356 0.929352
5 0.178257 0.0991679 0.0718649 0.0504953 0.928154
10 0.51416 0.301162 0.790694 0.0966567 0.910525
1 0.512304 0.173072 0.197577 0.0273605 0.898126
6 0.294446 0.100803 0.156914 0.0382166 0.888835
4 0.730897 0.0606993 0.222762 0.0173351 0.869898
12 0.198402 0.216949 0.157377 0.0139835 0.841321
12 0.363953 0.428047 0.461202 0.0149196 0.825265
4 0.796797 0.147591 0.210209 0.0147223 0.817819
12 0.830982 0.178963 0.117016 0.0139817 0.811089
12 0.276604 0.199164 0.312931 0.0161436 0.799616
4 0.777127 0.0828827 0.311969 0.0141959 0.782112
4 0.685056 0.103092 0.12657 0.0133061 0.781631
4 0.281837 0.0450056 0.422577 0.0153074 0.761506
2 0.493641 0.90606 0.246571 0.0134899 0.755848
12 0.622902 0.219171 0.102225 0.0166599 0.755369
4 0.705643 0.122757 0.172862 0.0135489 0.754989
12 0.857775 0.201337 0.0788847 0.0163885 0.733151
12 0.28216 0.234708 0.321059 0.0145423 0.727015
12 0.513285 0.472973 0.758876 0.0660589 0.679363
12 0.510311 0.561586 0.770322 0.0338451 0.662886
12 0.51036 0.402424 0.766207 0.0334881 0.653155
12 0.274988 0.53445 0.292667 0.0143483 0.650202
12 0.596838 0.20022 0.0516085 0.014895 0.636704
12 0.370567 0.37429 0.488196 0.0160288 0.623787
12 0.447566 0.517418 0.635003 0.0153517 0.417424
2 0.489604 0.923269 0.661839 0.0187035 0.405233
