9 0.620773 0.713504 0.192429 0.132981 0.96401
9 0.27585 0.70867 0.190961 0.134008 0.955104
8 0.231533 0.269022 0.150473 0.0215619 0.938267
8 0.233149 0.200469 0.151348 0.0211359 0.933044
9 0.760171 0.79908 0.0925436 0.0666287 0.926233
9 0.980862 0.28921 0.0382763 0.126537 0.875271
12 0.506589 0.333105 0.71271 0.0826988 0.866557
8 0.223232 0.603096 0.14845 0.0219831 0.864345
8 0.275291 0.403515 0.244162 0.0214326 0.857102
12 0.648106 0.79388 0.399164 0.202086 0.828008
12 0.378438 0.231046 0.379928 0.0220731 0.799284
8 0.259785 0.099034 0.199127 0.0223507 0.793345
9 0.983584 0.756719 0.0328328 0.119379 0.761097
12 0.345429 0.434004 0.302715 0.023097 0.685787
9 0.983868 0.488946 0.0322638 0.135992 0.631821
12 0.367978 0.530797 0.346302 0.0229032 0.59335
12 0.28342 0.795037 0.279526 0.216 0.591842
12 0.496705 0.468324 0.602709 0.0244457 0.560364
12 0.515173 0.143639 0.712232 0.0561177 0.528162
12 0.507719 0.648482 0.684106 0.0462004 0.51431
12 0.503603 0.565743 0.630347 0.0254031 0.455676
8 0.276839 0.498697 0.160149 0.0207297 0.421332
8 0.346158 0.433146 0.304285 0.0227151 0.331007
