9 0.30969 0.808609 0.198665 0.141088 0.958704
9 0.735618 0.795866 0.198884 0.136107 0.941969
10 0.533664 0.433352 0.865361 0.1445 0.934906
8 0.184251 0.291052 0.173841 0.0182408 0.883318
12 0.63372 0.937375 0.224507 0.0154381 0.880414
10 0.529911 0.614157 0.870082 0.0574938 0.872721
1 0.529549 0.0540467 0.243096 0.0223105 0.841898
12 0.596782 0.880049 0.152324 0.0147626 0.819975
12 0.118907 0.937568 0.0413913 0.013639 0.815949
12 0.531185 0.242823 0.875292 0.0480893 0.815184
12 0.676619 0.908318 0.311048 0.0165968 0.814741
12 0.236956 0.14353 0.286712 0.0153207 0.808073
12 0.651797 0.851164 0.263024 0.0167458 0.78497
12 0.849617 0.0896475 0.227164 0.0149368 0.784134
12 0.619332 0.965648 0.196223 0.015423 0.781172
12 0.135928 0.908762 0.0748698 0.0141072 0.757363
12 0.195469 0.966077 0.192683 0.0158007 0.733406
12 0.153247 0.794286 0.111559 0.0153367 0.69969
12 0.577226 0.794024 0.113145 0.0157249 0.695242
8 0.156541 0.681002 0.118006 0.01806 0.663931
12 0.120569 0.880693 0.0412549 0.0140627 0.652375
8 0.155309 0.543173 0.115458 0.0182414 0.624493
12 0.273372 0.171664 0.330853 0.0141822 0.595636
12 0.651145 0.822562 0.262599 0.0165124 0.589585
12 0.118667 0.851487 0.0425704 0.0135581 0.557781
12 0.232259 0.794522 0.272674 0.0139113 0.505553
12 0.216954 0.822122 0.238294 0.0139695 0.488321
12 0.918037 0.321616 0.102236 0.0159832 0.480663
12 0.653381 0.794094 0.26577 0.0149492 0.429658
