9 0.355159 0.666148 0.179982 0.131448 0.95423
8 0.169659 0.404202 0.104615 0.0170354 0.949904
9 0.737588 0.634637 0.215052 0.15045 0.918157
12 0.497187 0.147637 0.76066 0.0814926 0.912988
12 0.498534 0.35224 0.765318 0.0539659 0.903538
12 0.494754 0.24391 0.760662 0.0899168 0.891761
9 0.939455 0.411424 0.0503041 0.151598 0.852989
9 0.909469 0.626912 0.0429994 0.117596 0.804138
12 0.296288 0.627271 0.36334 0.0195969 0.795327
12 0.157374 0.662386 0.0831358 0.0163924 0.774235
8 0.208857 0.31404 0.176291 0.0163462 0.746284
12 0.142514 0.692859 0.0460143 0.015071 0.741664
12 0.797624 0.968364 0.359003 0.0252821 0.682917
12 0.690323 0.62795 0.344697 0.0193219 0.615648
12 0.495363 0.431802 0.76886 0.0331173 0.559626
12 0.40113 0.548137 0.561029 0.0162693 0.483662
12 0.497603 0.466618 0.764354 0.0366616 0.40425
8 0.174039 0.0971249 0.111168 0.0175573 0.377361
12 0.496066 0.508723 0.767883 0.0398777 0.369914
12 0.497197 0.495664 0.774195 0.0884353 0.325587
12 0.599616 0.663398 0.150199 0.0160865 0.316486
