8 0.219393 0.823762 0.143327 0.0187192 0.906282
5 0.174906 0.0439796 0.0476425 0.0352126 0.901257
12 0.502934 0.498811 0.699554 0.0932805 0.848592
8 0.235019 0.42337 0.15992 0.018302 0.817281
8 0.220201 0.780239 0.142718 0.0192175 0.812764
9 0.972385 0.447647 0.0408537 0.113107 0.793123
6 0.246726 0.0474844 0.0914613 0.0264893 0.783778
12 0.40589 0.889964 0.421293 0.0199758 0.74801
12 0.501531 0.225966 0.701177 0.0599671 0.734504
7 0.770122 0.932611 0.141888 0.0210769 0.706003
12 0.371643 0.158584 0.43117 0.020696 0.694721
12 0.502508 0.713059 0.703824 0.0598988 0.674357
8 0.252334 0.55693 0.199591 0.0185815 0.666816
12 0.498544 0.589545 0.69515 0.0428192 0.632255
8 0.242915 0.846449 0.189504 0.0180501 0.627021
9 0.807471 0.159636 0.100893 0.040156 0.606125
12 0.395957 0.914015 0.493777 0.0192003 0.605128
8 0.274618 0.623606 0.244762 0.0183055 0.603818
8 0.24817 0.757577 0.192563 0.0195392 0.592616
12 0.502365 0.381208 0.696605 0.0614675 0.544868
8 0.231151 0.868318 0.165884 0.019228 0.535489
12 0.494583 0.656493 0.685441 0.0397414 0.524213
12 0.511715 0.801637 0.697646 0.0211639 0.472256
7 0.489921 0.933418 0.104545 0.015427 0.453467
12 0.489111 0.301086 0.672689 0.0421924 0.393805
12 0.460062 0.446354 0.610451 0.0194508 0.373399
12 0.243143 0.846629 0.188493 0.0174732 0.349947
12 0.511086 0.334814 0.506215 0.0186689 0.329757
12 0.46551 0.181759 0.408213 0.0197506 0.327853
12 0.500043 0.456508 0.693674 0.0406026 0.324785
1 0.50619 0.0957349 0.629539 0.0295083 0.323788
4 0.762813 0.0472644 0.16788 0.0214803 0.322042
12 0.235358 0.868342 0.170993 0.0186424 0.315283
