9 0.72583 0.711601 0.192238 0.141981 0.970338
9 0.882742 0.802746 0.117171 0.0857163 0.914536
12 0.523885 0.387485 0.740753 0.218604 0.857989
12 0.368291 0.256515 0.420479 0.0222854 0.828776
12 0.422626 0.810853 0.38306 0.0206033 0.803675
12 0.527235 0.530897 0.726882 0.0510504 0.762621
12 0.764955 0.842237 0.198441 0.0246482 0.698902
1 0.519208 0.17949 0.187267 0.0310064 0.673546
12 0.524737 0.725815 0.2144 0.0201193 0.510334
12 0.6422 0.725345 0.460895 0.0223532 0.380942
12 0.511782 0.0901085 0.67005 0.0349365 0.301771
