9 0.306571 0.562878 0.216537 0.151851 0.953323
9 0.677823 0.57977 0.184571 0.132465 0.95208
9 0.884273 0.67328 0.0784504 0.150323 0.929019
12 0.490938 0.14551 0.741979 0.0714976 0.878537
12 0.485541 0.228381 0.742257 0.0749679 0.867456
12 0.264935 0.674227 0.215176 0.020392 0.844773
8 0.230781 0.0888953 0.147046 0.0201711 0.798547
12 0.264992 0.646665 0.214976 0.0184014 0.758822
12 0.490146 0.410209 0.736457 0.0472408 0.696023
12 0.490678 0.299525 0.734894 0.0473603 0.695982
12 0.496785 0.355224 0.727107 0.0479624 0.689269
12 0.337067 0.702076 0.363398 0.0186729 0.672893
12 0.294972 0.563911 0.280601 0.0195304 0.643128
12 0.67044 0.656063 0.25129 0.0238601 0.560024
12 0.272694 0.730578 0.229416 0.0223234 0.527892
12 0.670817 0.735731 0.257039 0.027278 0.474857
12 0.618645 0.592943 0.152709 0.0178106 0.473902
12 0.668346 0.53616 0.2478 0.0198502 0.437795
12 0.311301 0.536048 0.293963 0.0200415 0.431626
12 0.230836 0.591039 0.146957 0.0182437 0.40759
12 0.635885 0.620891 0.186078 0.0187205 0.37652
12 0.668906 0.627213 0.25165 0.0294087 0.373922
12 0.364275 0.367779 0.420081 0.0193854 0.364716
12 0.630114 0.565545 0.177035 0.0189086 0.358679
12 0.239501 0.618034 0.16352 0.0184107 0.341384
12 0.484501 0.463177 0.730738 0.0439321 0.319414
