9 0.764294 0.771982 0.20175 0.143468 0.958796
10 0.503402 0.357891 0.823698 0.215293 0.948021
5 0.160391 0.0829375 0.0758593 0.0534566 0.93076
6 0.282067 0.084428 0.161801 0.0408831 0.920434
9 0.950747 0.502351 0.0985067 0.155203 0.913768
4 0.789956 0.0646838 0.329071 0.0153448 0.907902
1 0.512752 0.162489 0.208137 0.0299477 0.907218
4 0.758463 0.0408755 0.269849 0.018973 0.903075
12 0.259526 0.190749 0.327659 0.0176655 0.826096
4 0.691753 0.0864751 0.132328 0.014726 0.818902
12 0.607993 0.211716 0.109559 0.016497 0.816682
4 0.808799 0.134832 0.222285 0.0160365 0.814886
12 0.850404 0.168301 0.115195 0.0145696 0.804497
12 0.181303 0.209723 0.166325 0.0148998 0.79605
4 0.265992 0.0247919 0.446629 0.0178371 0.792549
12 0.266794 0.228369 0.33767 0.0158957 0.781536
4 0.699086 0.108591 0.147478 0.014207 0.77829
12 0.495009 0.654209 0.788547 0.0680921 0.758208
2 0.500207 0.94212 0.165404 0.0149024 0.7582
12 0.7345 0.191534 0.364578 0.01957 0.73792
12 0.504091 0.502215 0.817217 0.0350349 0.728605
12 0.506045 0.579464 0.811004 0.0329425 0.706614
12 0.262407 0.721261 0.313543 0.014342 0.695381
12 0.506101 0.541179 0.80613 0.0366481 0.629952
12 0.49952 0.749883 0.784867 0.0366187 0.627101
4 0.880835 0.0157017 0.238331 0.0228929 0.571626
12 0.35218 0.607837 0.491387 0.0160894 0.550067
2 0.506705 0.95817 0.729903 0.0174182 0.506954
12 0.426596 0.702008 0.640979 0.0167534 0.471224
12 0.614387 0.191157 0.123328 0.0180391 0.449146
