9 0.967768 0.488335 0.0632913 0.130599 0.933878
12 0.514139 0.62404 0.763632 0.095958 0.932581
10 0.530705 0.468309 0.801626 0.156183 0.929879
12 0.51342 0.738926 0.767421 0.114125 0.925967
1 0.511859 0.135905 0.225459 0.0253615 0.925825
12 0.509856 0.844065 0.76117 0.0760249 0.925196
12 0.508269 0.247301 0.753798 0.0570683 0.881805
8 0.229138 0.560411 0.151435 0.0154473 0.873289
10 0.515263 0.332765 0.767445 0.0573277 0.866825
12 0.289177 0.202722 0.278957 0.0155327 0.843488
12 0.293726 0.178106 0.291482 0.0161602 0.822069
9 0.988452 0.30922 0.0218343 0.0955197 0.715123
8 0.312332 0.291431 0.334802 0.0161484 0.689467
