8 0.219766 0.546957 0.120582 0.0171695 0.938392
12 0.51985 0.836937 0.755759 0.0970273 0.930094
12 0.516044 0.262069 0.765935 0.119945 0.926786
12 0.517559 0.387654 0.760433 0.074332 0.925382
8 0.232357 0.334337 0.146859 0.0161735 0.922501
12 0.515565 0.482699 0.760653 0.0942602 0.913668
10 0.522202 0.642855 0.758652 0.113219 0.895884
12 0.514163 0.154085 0.768728 0.0724724 0.895202
10 0.522163 0.743589 0.757876 0.0319148 0.76178
8 0.214048 0.570959 0.111208 0.0165613 0.678915
9 0.0212891 0.304837 0.0275803 0.10554 0.517878
9 0.0198832 0.528994 0.0235955 0.0635363 0.330262
