9 0.70835 0.89319 0.193907 0.130216 0.966975
9 0.0467809 0.90175 0.0909616 0.13148 0.953831
9 0.258536 0.905706 0.186639 0.129951 0.949721
10 0.528222 0.600778 0.809567 0.344669 0.948091
10 0.53662 0.291682 0.819178 0.25156 0.931026
1 0.544637 0.132638 0.252196 0.0297016 0.842949
12 0.79764 0.127919 0.206331 0.0215441 0.765106
12 0.552717 0.942656 0.050793 0.0175196 0.714857
12 0.58431 0.90569 0.112885 0.0183142 0.664581
10 0.524181 0.823029 0.801427 0.0359957 0.658094
12 0.152861 0.929054 0.0479648 0.0172613 0.655171
4 0.802232 0.0732833 0.313131 0.02347 0.571266
2 0.875068 0.988604 0.0953306 0.0145578 0.557784
12 0.577645 0.868894 0.101745 0.0184138 0.477844
12 0.185928 0.894536 0.118112 0.0186746 0.45338
12 0.173596 0.857225 0.0900975 0.0173526 0.440304
