9 0.678573 0.693833 0.194992 0.136064 0.960311
9 0.300802 0.707472 0.218005 0.151306 0.955183
12 0.519744 0.347209 0.760063 0.112861 0.940086
10 0.522982 0.700161 0.71938 0.152862 0.933159
8 0.20993 0.190238 0.101512 0.0163549 0.926063
12 0.515582 0.241106 0.760581 0.0729811 0.908329
12 0.513707 0.146342 0.767529 0.0578475 0.841385
12 0.328382 0.588717 0.328307 0.0177308 0.82556
12 0.51772 0.433885 0.760723 0.0415405 0.780923
12 0.512995 0.48331 0.744562 0.0373552 0.752291
12 0.275582 0.613278 0.226278 0.0164566 0.686881
12 0.259269 0.565386 0.190057 0.0172269 0.645884
12 0.2578 0.541626 0.191786 0.0170274 0.538368
8 0.259154 0.565222 0.189225 0.0173202 0.425946
12 0.489283 0.517679 0.657634 0.0194455 0.366034
12 0.516255 0.527956 0.738882 0.0419364 0.300425
