9 0.405626 0.52729 0.182741 0.129582 0.959378
9 0.358446 0.324404 0.186036 0.130772 0.955208
9 0.618354 0.790939 0.191345 0.133836 0.947031
12 0.360391 0.687976 0.350176 0.0218322 0.88845
9 0.431593 0.883865 0.0942393 0.0698146 0.878373
12 0.329062 0.617196 0.282352 0.0210257 0.862944
12 0.364596 0.652207 0.350157 0.020165 0.856563
12 0.362812 0.431289 0.352518 0.0198541 0.856548
12 0.345323 0.582216 0.313769 0.0199857 0.828011
8 0.255307 0.228513 0.206448 0.0202198 0.815303
8 0.223946 0.132726 0.151065 0.0203261 0.811362
12 0.378013 0.475554 0.379287 0.0220768 0.785147
9 0.970302 0.204865 0.037506 0.112592 0.784983
9 0.961114 0.431459 0.0325212 0.104044 0.759591
12 0.459521 0.0985077 0.544219 0.0215802 0.757263
12 0.28532 0.893258 0.196328 0.0204749 0.755511
12 0.377991 0.325572 0.355554 0.0215498 0.744082
12 0.410704 0.396611 0.444778 0.0217764 0.732367
9 0.928608 0.629212 0.0270923 0.0918772 0.727175
12 0.442757 0.80346 0.516983 0.0211812 0.700229
12 0.214891 0.510606 0.053886 0.0182071 0.672352
12 0.704554 0.893578 0.0678967 0.0192951 0.646718
12 0.501491 0.194221 0.709063 0.0700492 0.583107
12 0.50344 0.746135 0.69158 0.045198 0.566725
12 0.503413 0.277672 0.703045 0.0476538 0.543161
12 0.216097 0.360182 0.0537882 0.0188518 0.479264
12 0.442694 0.54471 0.42226 0.025316 0.44979
12 0.526018 0.732862 0.645102 0.0219951 0.371069
12 0.503406 0.759624 0.630865 0.0196237 0.310839
12 0.512702 0.264701 0.658782 0.0226909 0.30297
