10 0.533454 0.45356 0.801826 0.14007 0.937914
12 0.512245 0.71428 0.766198 0.11385 0.937124
12 0.510577 0.831123 0.766541 0.0965941 0.93664
12 0.515387 0.600385 0.767888 0.0941889 0.920064
1 0.520734 0.129694 0.2226 0.0245196 0.913273
12 0.510709 0.241183 0.752693 0.0562201 0.905309
10 0.518274 0.32817 0.767089 0.0591 0.878832
8 0.230716 0.536592 0.152393 0.0156901 0.871186
8 0.315351 0.285327 0.332127 0.0141365 0.869322
12 0.29365 0.196198 0.276841 0.015761 0.834345
12 0.298172 0.172088 0.288688 0.0162213 0.768427
9 0.9848 0.310441 0.0227393 0.089467 0.736769
9 0.985339 0.534175 0.0210608 0.101882 0.600332
