12 0.521088 0.82664 0.75884 0.119441 0.932351
12 0.521763 0.460963 0.763537 0.0945633 0.93013
8 0.234637 0.310994 0.14886 0.0161489 0.919366
12 0.519859 0.364906 0.758881 0.0729147 0.910871
10 0.522553 0.620516 0.756202 0.114253 0.908859
8 0.222411 0.523041 0.118351 0.0167715 0.903129
12 0.522882 0.238624 0.765572 0.116906 0.894808
12 0.520602 0.143653 0.767524 0.0565363 0.846091
8 0.217345 0.547158 0.111334 0.0159607 0.679741
9 0.0258162 0.528947 0.0299128 0.109477 0.647901
10 0.524542 0.719616 0.759944 0.0379018 0.510052
