9 0.645351 0.755747 0.190883 0.135685 0.96402
9 0.6813 0.381023 0.190693 0.137565 0.953175
9 0.290767 0.392611 0.199578 0.14345 0.94715
8 0.189644 0.270472 0.149235 0.0189326 0.914572
9 0.37939 0.791461 0.0986282 0.0689664 0.872091
9 0.982235 0.601272 0.0355293 0.12755 0.871267
12 0.616604 0.502672 0.360913 0.108586 0.869005
12 0.513833 0.301339 0.803564 0.0383433 0.805504
12 0.386128 0.129591 0.475333 0.0201105 0.702123
12 0.304847 0.189888 0.310813 0.0166718 0.687911
12 0.689498 0.382884 0.496678 0.0665838 0.685214
12 0.191043 0.583418 0.226511 0.0299931 0.683345
12 0.518568 0.227262 0.78932 0.0544022 0.671144
12 0.445263 0.779698 0.579827 0.0203514 0.645931
12 0.509681 0.685609 0.771631 0.0442302 0.628976
12 0.694078 0.584223 0.22353 0.025118 0.567987
12 0.444234 0.744875 0.576619 0.0199747 0.566538
12 0.263447 0.169566 0.220145 0.0177302 0.512383
9 0.984771 0.75433 0.0304583 0.133923 0.455696
12 0.626635 0.356995 0.370945 0.0203997 0.428414
12 0.241938 0.0886646 0.257932 0.0195122 0.407984
9 0.984299 0.788876 0.0281605 0.0641705 0.389308
12 0.239791 0.370899 0.309107 0.0457001 0.34688
8 0.226017 0.149602 0.147229 0.016482 0.33566
