9 0.423898 0.655484 0.198226 0.138307 0.956057
10 0.498574 0.323301 0.819246 0.172145 0.950034
6 0.274654 0.0802481 0.165198 0.0389199 0.934746
10 0.50799 0.753416 0.819171 0.239669 0.925865
5 0.154597 0.0784513 0.0740552 0.0515167 0.921726
9 0.817281 0.689892 0.19981 0.133171 0.884745
4 0.732306 0.0366763 0.232679 0.0182486 0.877416
4 0.778436 0.0597375 0.323238 0.0153888 0.875109
1 0.498513 0.155116 0.207272 0.0289676 0.870984
12 0.177318 0.201323 0.164224 0.0137047 0.856683
4 0.797428 0.127469 0.218571 0.0156167 0.851268
12 0.609088 0.202464 0.107932 0.0166758 0.849894
12 0.860373 0.183727 0.0821463 0.0177937 0.815764
2 0.48915 0.919245 0.166763 0.0152326 0.81114
12 0.838135 0.160226 0.120902 0.0148707 0.809392
12 0.257213 0.183174 0.327103 0.0161315 0.805623
12 0.434231 0.542624 0.660156 0.0734343 0.796105
4 0.707049 0.101788 0.181361 0.0135748 0.79602
4 0.259417 0.0217472 0.441089 0.0175638 0.795634
4 0.682024 0.0809643 0.132802 0.0139939 0.789293
12 0.62821 0.182709 0.14533 0.0177082 0.780113
12 0.339268 0.438311 0.471913 0.015874 0.667416
12 0.494463 0.467731 0.78926 0.0357984 0.642525
12 0.264127 0.219639 0.333761 0.0160908 0.603198
12 0.303598 0.605849 0.405433 0.0161935 0.588845
12 0.349844 0.494945 0.486747 0.0153488 0.563208
2 0.51108 0.93539 0.659713 0.0172879 0.410429
12 0.410152 0.584502 0.608987 0.0142067 0.344384
