9 0.941665 0.518405 0.0584931 0.131062 0.899216
8 0.174207 0.425261 0.124364 0.0157143 0.88671
5 0.139064 0.0485305 0.0429994 0.0328057 0.886232
7 0.482459 0.943132 0.113169 0.0189171 0.818925
1 0.499317 0.121236 0.487477 0.0287318 0.816242
12 0.317104 0.160587 0.410846 0.0189171 0.780253
8 0.172769 0.333083 0.119724 0.015342 0.751348
12 0.496153 0.512872 0.759093 0.0774186 0.746515
8 0.199964 0.351808 0.171404 0.0156808 0.74411
8 0.172186 0.240595 0.123449 0.0152411 0.734358
12 0.496771 0.217369 0.784206 0.036069 0.732398
8 0.171521 0.555416 0.127036 0.0161306 0.692941
6 0.203497 0.0513024 0.0796518 0.0243214 0.675561
8 0.15357 0.909617 0.112923 0.0169435 0.638938
12 0.494478 0.38828 0.764115 0.0515987 0.633221
8 0.232528 0.816707 0.26459 0.0147967 0.619347
12 0.233285 0.816814 0.267599 0.0149489 0.617741
12 0.447801 0.88347 0.69919 0.0352985 0.602761
12 0.482562 0.845946 0.775063 0.03336 0.588268
12 0.296002 0.184106 0.359911 0.0170629 0.569845
12 0.326564 0.752611 0.455811 0.0360485 0.547784
12 0.327278 0.279155 0.428008 0.0159033 0.54133
12 0.279143 0.259302 0.337542 0.0165532 0.4886
12 0.500236 0.611629 0.751606 0.0895121 0.461742
12 0.485542 0.447243 0.633715 0.0210014 0.451186
12 0.256507 0.409054 0.295129 0.0158585 0.362729
12 0.27312 0.333808 0.321777 0.0161601 0.342683
12 0.501816 0.696001 0.765633 0.0652372 0.322899
12 0.448425 0.769886 0.699374 0.0712884 0.314382
