10 0.465019 0.433354 0.786503 0.172365 0.924557
8 0.156041 0.787698 0.170571 0.0184618 0.90123
8 0.150654 0.319181 0.152163 0.0182062 0.890433
1 0.485409 0.0307185 0.207773 0.0302455 0.877971
12 0.483475 0.73785 0.823371 0.0400679 0.759388
12 0.485535 0.270738 0.817421 0.0413452 0.756847
12 0.576684 0.0602732 0.150304 0.0168262 0.723702
12 0.265162 0.627828 0.387669 0.0174932 0.704868
12 0.293259 0.668696 0.445644 0.0177736 0.692695
12 0.488185 0.815282 0.806598 0.0343045 0.663801
12 0.61633 0.0795345 0.230794 0.0160202 0.658689
12 0.233974 0.337707 0.319585 0.0177339 0.625332
12 0.481994 0.212339 0.825322 0.0424741 0.622722
12 0.23752 0.707682 0.336585 0.0181018 0.579991
12 0.49091 0.844349 0.81236 0.0931562 0.564455
9 0.96206 0.563811 0.0145959 0.0794928 0.549976
12 0.597858 0.100037 0.192863 0.0155246 0.548085
12 0.415949 0.120734 0.523819 0.0214214 0.51529
12 0.222191 0.648099 0.295532 0.0181314 0.514761
12 0.381426 0.179613 0.49999 0.0183076 0.452398
12 0.462754 0.558725 0.774954 0.0391229 0.364292
