9 0.621934 0.714229 0.188337 0.131901 0.952108
9 0.275167 0.709981 0.191841 0.132718 0.924821
8 0.231444 0.26883 0.150419 0.0211149 0.912724
8 0.223271 0.602973 0.147337 0.0220521 0.869829
9 0.762201 0.79902 0.0928132 0.0676081 0.862651
12 0.502934 0.331892 0.713467 0.0819284 0.856546
12 0.280897 0.82898 0.265171 0.118885 0.854942
12 0.369739 0.531475 0.348707 0.0226669 0.846037
8 0.234193 0.200378 0.148877 0.0216746 0.832213
9 0.980066 0.288598 0.0398683 0.125566 0.818085
8 0.260876 0.0992087 0.197761 0.0226688 0.817204
8 0.275619 0.403588 0.243205 0.0220421 0.790869
12 0.382257 0.23004 0.386768 0.0208623 0.774191
9 0.984453 0.755508 0.0310935 0.117046 0.763141
12 0.496817 0.468573 0.602692 0.0238076 0.629205
12 0.651079 0.794481 0.394246 0.202517 0.575815
12 0.499283 0.647657 0.700407 0.0445461 0.48282
12 0.504687 0.565681 0.628127 0.023995 0.482389
9 0.986136 0.488363 0.0277278 0.129601 0.48163
12 0.34564 0.434386 0.298737 0.0233095 0.464903
12 0.642022 0.85301 0.385485 0.0371967 0.45914
12 0.5276 0.635411 0.649069 0.0238599 0.413499
12 0.275405 0.403615 0.242256 0.0217688 0.404334
12 0.500362 0.581863 0.667955 0.05493 0.357416
