9 0.308172 0.80826 0.197863 0.140099 0.949289
10 0.531657 0.433804 0.875052 0.145968 0.93781
9 0.735722 0.795715 0.197431 0.136051 0.915254
12 0.530667 0.242805 0.880171 0.0492857 0.866302
12 0.674412 0.908439 0.306412 0.0158947 0.847785
8 0.184192 0.290808 0.174078 0.0170779 0.825128
12 0.135654 0.908979 0.0748047 0.0139841 0.824728
12 0.619329 0.965573 0.19268 0.0148232 0.816624
12 0.23742 0.143276 0.285123 0.0150337 0.812667
12 0.851485 0.0896268 0.233823 0.0147301 0.811826
8 0.156824 0.68117 0.119132 0.0170032 0.808647
1 0.528659 0.0542925 0.246126 0.0224637 0.790687
10 0.534885 0.614686 0.875982 0.0580753 0.785089
8 0.156317 0.543405 0.117232 0.0163889 0.77666
12 0.197191 0.966076 0.19041 0.0139095 0.77574
12 0.598252 0.87974 0.150771 0.0154376 0.746932
12 0.650336 0.850935 0.261934 0.0165803 0.738144
12 0.633466 0.937185 0.221479 0.0150419 0.732606
12 0.574447 0.793831 0.105535 0.0151465 0.711665
12 0.268377 0.171873 0.350266 0.016916 0.682073
12 0.118656 0.937791 0.0401586 0.0134592 0.671182
8 0.922639 0.322095 0.111123 0.0153725 0.637011
12 0.119696 0.880909 0.0400863 0.0131304 0.591716
12 0.213367 0.822215 0.228559 0.0145185 0.556174
12 0.16189 0.794513 0.12667 0.0158 0.555676
12 0.156494 0.680924 0.119684 0.0177278 0.511444
12 0.925406 0.321899 0.11706 0.0159502 0.459018
12 0.692491 0.822892 0.340953 0.017249 0.35223
12 0.237719 0.791978 0.273513 0.0152066 0.320473
12 0.653818 0.79343 0.264776 0.0150056 0.31434
12 0.117923 0.851793 0.0397622 0.0136299 0.301162
