9 0.35387 0.665731 0.177373 0.127902 0.948682
12 0.496446 0.149437 0.758423 0.0844092 0.900407
12 0.500146 0.240194 0.753142 0.0798803 0.894694
8 0.170452 0.40408 0.106711 0.0176823 0.865511
12 0.49891 0.351656 0.75767 0.0519555 0.846986
9 0.941753 0.412636 0.0533818 0.14868 0.830199
9 0.737057 0.634529 0.212359 0.144057 0.815457
9 0.909694 0.627655 0.0429602 0.113243 0.813296
12 0.297185 0.627029 0.359425 0.0190234 0.767712
12 0.157711 0.66208 0.0798501 0.0157852 0.766799
12 0.497465 0.430804 0.760513 0.0324993 0.759954
12 0.141311 0.692977 0.0446887 0.0146355 0.745135
12 0.688222 0.628232 0.346323 0.0162674 0.62959
12 0.798648 0.969186 0.35441 0.0261562 0.578744
12 0.174275 0.0971152 0.111493 0.0179861 0.547323
8 0.209674 0.313959 0.173009 0.0155115 0.523143
12 0.626817 0.663063 0.204107 0.0185027 0.442601
12 0.389849 0.548452 0.543043 0.0155182 0.364184
12 0.495699 0.50624 0.766791 0.0372911 0.345507
