9 0.808094 0.161042 0.0988554 0.0370661 0.891692
8 0.22179 0.823963 0.146907 0.0181573 0.880002
12 0.502815 0.49956 0.692814 0.0880308 0.861625
5 0.174633 0.0448887 0.048945 0.0365738 0.84661
9 0.972515 0.446299 0.0428882 0.115011 0.842731
8 0.23272 0.423246 0.157702 0.0172913 0.837731
8 0.253435 0.556767 0.204324 0.0178674 0.780693
12 0.242138 0.8465 0.188377 0.0179839 0.769296
12 0.494836 0.714133 0.689864 0.0598549 0.763584
12 0.495071 0.591395 0.689435 0.0422544 0.760322
1 0.508487 0.113326 0.640003 0.0590096 0.738739
8 0.272081 0.623945 0.247283 0.01861 0.720134
12 0.392259 0.914294 0.480177 0.0180934 0.713402
12 0.497765 0.370928 0.683567 0.0920388 0.698358
12 0.500769 0.227981 0.69557 0.0589212 0.684027
12 0.409249 0.889953 0.429055 0.0202942 0.656156
1 0.489396 0.0964023 0.642005 0.0287407 0.637691
6 0.248986 0.0480004 0.0897843 0.0286109 0.617951
12 0.226975 0.868061 0.155263 0.0183711 0.558472
12 0.36917 0.159374 0.429256 0.021666 0.547912
12 0.769569 0.932641 0.13954 0.0204047 0.515169
12 0.462432 0.301339 0.617636 0.0417083 0.415599
12 0.46276 0.646585 0.597015 0.0198443 0.407074
12 0.273448 0.623841 0.246157 0.0188964 0.37566
12 0.247079 0.75707 0.193052 0.0190864 0.369844
12 0.761817 0.0477747 0.169464 0.0216553 0.365312
12 0.51295 0.805502 0.70382 0.0273297 0.341773
12 0.459416 0.446211 0.610192 0.018477 0.33642
12 0.392976 0.181581 0.463577 0.0220266 0.334782
4 0.761776 0.0474372 0.167938 0.0218989 0.330285
8 0.225454 0.868407 0.153527 0.0190845 0.320194
