9 0.678159 0.578691 0.187468 0.132982 0.950358
9 0.305235 0.562539 0.215511 0.151728 0.946435
12 0.491474 0.229555 0.740779 0.0739192 0.895322
12 0.4911 0.146028 0.74368 0.0713021 0.888708
8 0.229999 0.0889741 0.148532 0.0194082 0.837216
12 0.493129 0.29777 0.737591 0.0462318 0.831064
9 0.887096 0.673489 0.0738156 0.153611 0.825154
12 0.264569 0.647035 0.213636 0.0207994 0.783334
12 0.495211 0.356551 0.728865 0.048764 0.768224
12 0.485425 0.438405 0.73146 0.101585 0.686867
12 0.262171 0.674545 0.210342 0.0197525 0.679785
12 0.334787 0.702133 0.364522 0.0184408 0.605957
12 0.652228 0.734969 0.219309 0.02721 0.603551
12 0.232239 0.590743 0.152 0.0185101 0.591043
12 0.300807 0.53443 0.297957 0.0194521 0.589139
12 0.261085 0.618247 0.209892 0.0188789 0.547703
12 0.669434 0.6543 0.25472 0.0218293 0.485199
12 0.606171 0.592725 0.129356 0.0184839 0.440686
12 0.237164 0.478972 0.235834 0.0197577 0.414265
12 0.667915 0.622766 0.251171 0.0245451 0.390287
12 0.664919 0.537686 0.246944 0.0204699 0.361083
12 0.276012 0.731744 0.235772 0.0224001 0.328467
12 0.638945 0.56494 0.197934 0.0195022 0.325685
