9 0.762554 0.770965 0.202504 0.142576 0.958445
10 0.503372 0.35787 0.824903 0.217481 0.948677
6 0.281235 0.0850313 0.162952 0.0403903 0.9117
5 0.159409 0.0827542 0.0754143 0.0537164 0.900705
1 0.511941 0.162125 0.212802 0.0308763 0.873652
12 0.260482 0.191265 0.333573 0.0165614 0.866353
9 0.950285 0.503495 0.0994297 0.157342 0.865791
12 0.732753 0.19165 0.363732 0.0207016 0.844742
4 0.787995 0.0651325 0.329889 0.0140643 0.835288
12 0.850258 0.168291 0.115599 0.0145283 0.834974
12 0.182261 0.209911 0.166993 0.0153314 0.804559
4 0.692531 0.0865233 0.133972 0.0143893 0.798704
4 0.741464 0.0412517 0.234424 0.0177972 0.798394
4 0.809918 0.134785 0.221026 0.015799 0.796462
4 0.701343 0.108645 0.150744 0.0147801 0.793543
12 0.265859 0.228673 0.336466 0.0159926 0.780413
4 0.265423 0.025334 0.441435 0.0164985 0.752009
12 0.504137 0.749402 0.805653 0.0385969 0.731165
12 0.350638 0.607076 0.488912 0.0153885 0.703977
12 0.504244 0.501615 0.80671 0.0360868 0.699458
12 0.259527 0.721066 0.306189 0.0152161 0.691499
12 0.608508 0.211765 0.106382 0.0159551 0.680529
12 0.505497 0.541836 0.81571 0.0365443 0.672422
2 0.500228 0.942338 0.163087 0.0145826 0.662477
12 0.439821 0.701793 0.64785 0.0170734 0.635488
12 0.500589 0.654805 0.808028 0.0682172 0.561205
2 0.511337 0.957779 0.661286 0.0152946 0.548319
12 0.507902 0.57992 0.812806 0.0347292 0.540268
12 0.360972 0.682562 0.503492 0.0148861 0.364245
4 0.882118 0.0159088 0.235764 0.0222211 0.345847
8 0.231699 0.569689 0.235735 0.0149793 0.345606
