10 0.526347 0.467223 0.797312 0.159976 0.950244
12 0.513349 0.737982 0.770438 0.117511 0.945149
12 0.512679 0.844633 0.768602 0.0752642 0.938702
12 0.511985 0.624449 0.76625 0.0946463 0.928549
8 0.229872 0.560445 0.151218 0.0145633 0.904078
1 0.512171 0.136055 0.226416 0.0260177 0.882484
12 0.293855 0.178627 0.288789 0.01628 0.859652
12 0.29014 0.202905 0.281716 0.0152567 0.845771
9 0.966625 0.490855 0.0637389 0.132035 0.838419
12 0.507209 0.249655 0.755246 0.0590877 0.834228
10 0.520039 0.332974 0.776239 0.0562076 0.827937
8 0.314454 0.29102 0.32318 0.0146749 0.778672
9 0.98786 0.306423 0.0226755 0.0920017 0.722822
