11 0.213637 0.570595 0.116055 0.0167503 0.954775
12 0.514093 0.260439 0.764403 0.114464 0.939443
12 0.514295 0.481741 0.762746 0.0936577 0.93928
12 0.512495 0.387066 0.763808 0.0730994 0.937663
10 0.522902 0.641459 0.769393 0.112487 0.93713
12 0.512428 0.154518 0.76814 0.0744471 0.935524
12 0.519372 0.838059 0.759641 0.0992358 0.909545
8 0.230988 0.334263 0.14851 0.0164536 0.864628
8 0.218962 0.546923 0.119638 0.0171368 0.85087
10 0.510715 0.743736 0.662288 0.031677 0.795964
9 0.031287 0.492301 0.0501094 0.143155 0.524255
9 0.0220435 0.307259 0.0298653 0.103674 0.381849
