9 0.708327 0.892667 0.192511 0.129066 0.94915
9 0.2594 0.904926 0.189019 0.128606 0.93224
10 0.533695 0.59303 0.809185 0.335223 0.921644
10 0.542086 0.292955 0.804484 0.256092 0.909905
9 0.0463648 0.902697 0.0927295 0.136937 0.856398
12 0.796539 0.12834 0.21327 0.0216647 0.834605
1 0.545254 0.13199 0.2551 0.0306743 0.822088
12 0.553414 0.942741 0.0516642 0.017168 0.773448
2 0.874301 0.987845 0.0950914 0.0145823 0.735674
12 0.577815 0.86881 0.100641 0.0174027 0.713086
12 0.80141 0.0732346 0.315042 0.02183 0.534863
10 0.533707 0.825537 0.684198 0.0360853 0.452927
4 0.802595 0.0744767 0.310998 0.0210759 0.442636
12 0.175743 0.85696 0.095296 0.0173931 0.370504
12 0.151832 0.929366 0.0459477 0.0172976 0.34594
12 0.581342 0.905542 0.108299 0.0171313 0.310686
