12 0.519145 0.348634 0.76538 0.114463 0.945259
9 0.300619 0.706182 0.213832 0.152168 0.934897
9 0.679768 0.694708 0.193679 0.133207 0.93371
12 0.511383 0.243242 0.762313 0.0745043 0.917376
10 0.520262 0.70202 0.724653 0.14935 0.910043
12 0.516915 0.433247 0.759187 0.0404581 0.895843
8 0.209468 0.189708 0.102635 0.0165508 0.881045
12 0.509678 0.146336 0.755932 0.0577947 0.84429
12 0.258398 0.565137 0.188738 0.0175405 0.819336
12 0.32539 0.589178 0.327121 0.0170105 0.787222
12 0.277043 0.61366 0.224567 0.0168228 0.760419
12 0.513124 0.481894 0.749616 0.036585 0.728817
12 0.256368 0.541337 0.189124 0.0173996 0.591092
12 0.489101 0.517564 0.656466 0.0183266 0.568847
