9 0.617499 0.790618 0.188524 0.133085 0.95494
9 0.358443 0.323399 0.189407 0.129195 0.94799
9 0.404108 0.52618 0.1821 0.12788 0.917217
12 0.362784 0.652208 0.348553 0.0193718 0.915923
9 0.43016 0.882025 0.0956041 0.0681748 0.873634
12 0.364843 0.431442 0.353549 0.0215058 0.859367
8 0.253362 0.22856 0.207545 0.019901 0.846168
12 0.361659 0.688099 0.344687 0.019433 0.834119
12 0.376662 0.475876 0.37347 0.0214344 0.826388
12 0.330843 0.617563 0.284006 0.0204526 0.80387
9 0.972704 0.205965 0.0343884 0.110908 0.79381
12 0.704387 0.893842 0.0656867 0.0176949 0.792019
12 0.439588 0.803679 0.511031 0.0215737 0.774535
8 0.223514 0.133141 0.149129 0.0193643 0.768652
12 0.458609 0.0986868 0.542744 0.0217171 0.752515
9 0.963543 0.431591 0.0286407 0.101684 0.740058
12 0.348231 0.582224 0.321961 0.0197583 0.732631
12 0.283852 0.893479 0.196434 0.0196993 0.722846
12 0.396219 0.397245 0.420754 0.0193336 0.696604
12 0.519073 0.746691 0.690362 0.0433298 0.684372
9 0.928237 0.629135 0.0255093 0.0913433 0.667068
12 0.381168 0.325023 0.356938 0.0184862 0.66513
9 0.942845 0.206862 0.0991479 0.106416 0.624176
9 0.544973 0.374111 0.183135 0.0450443 0.617437
12 0.502962 0.184073 0.700734 0.0464006 0.611838
12 0.501545 0.277315 0.700631 0.0432203 0.509042
12 0.214609 0.510656 0.0541993 0.0178901 0.501426
12 0.214743 0.360612 0.05472 0.0176038 0.491722
12 0.247967 0.546752 0.120275 0.0184712 0.438109
12 0.212458 0.848396 0.0535974 0.0177487 0.429464
12 0.512109 0.265334 0.661127 0.0224993 0.347615
