12 0.513121 0.714088 0.769172 0.113357 0.941636
10 0.532451 0.453394 0.795359 0.144896 0.94103
8 0.231681 0.536472 0.149986 0.0141525 0.934156
12 0.513094 0.831828 0.768402 0.0933087 0.925429
12 0.511586 0.601334 0.764495 0.095057 0.922312
1 0.517809 0.130546 0.223029 0.0252231 0.872311
12 0.513849 0.241237 0.761582 0.0563504 0.865992
10 0.519225 0.328199 0.774981 0.0586824 0.865008
12 0.298036 0.171872 0.289971 0.0170654 0.841774
12 0.293353 0.196509 0.27848 0.0160837 0.81277
8 0.316811 0.284691 0.328 0.0156769 0.777319
9 0.987557 0.310021 0.0222305 0.08939 0.734658
9 0.989186 0.532278 0.0211778 0.0971744 0.697205
12 0.312751 0.284564 0.343588 0.0142266 0.375376
