12 0.5187 0.824597 0.75597 0.117919 0.954821
11 0.216793 0.546924 0.113272 0.0163646 0.948293
12 0.5147 0.366178 0.76488 0.0728539 0.94683
12 0.521325 0.240335 0.759163 0.112771 0.934239
12 0.520861 0.458737 0.761452 0.0908756 0.921397
10 0.525633 0.619694 0.767967 0.114129 0.915115
8 0.221383 0.523075 0.117313 0.0172787 0.879033
8 0.233745 0.311201 0.149531 0.0164544 0.873184
12 0.521019 0.144133 0.763588 0.0570553 0.841817
9 0.0267393 0.532455 0.0320628 0.105793 0.679154
10 0.555811 0.722279 0.663168 0.0314321 0.641501
