9 0.681413 0.381641 0.187036 0.135957 0.940774
9 0.644537 0.755608 0.187657 0.135382 0.939285
9 0.292447 0.39192 0.195595 0.141508 0.937324
9 0.378854 0.789612 0.0945379 0.0704277 0.862565
8 0.189348 0.270163 0.148359 0.0184318 0.845365
12 0.449716 0.780012 0.579954 0.0194179 0.809285
12 0.194271 0.585815 0.227048 0.0262071 0.809079
9 0.980802 0.602422 0.0360927 0.126408 0.801174
12 0.442267 0.744113 0.579324 0.0210574 0.765032
12 0.509847 0.685564 0.777334 0.0455208 0.758264
12 0.697072 0.584517 0.223583 0.0259125 0.730375
12 0.512479 0.223704 0.797401 0.0457402 0.718676
12 0.511428 0.301221 0.812119 0.040506 0.694828
12 0.38463 0.129905 0.475258 0.0188346 0.685163
12 0.240162 0.0879477 0.258734 0.0183565 0.623846
8 0.262107 0.169955 0.217975 0.0165424 0.597824
12 0.233337 0.357298 0.294822 0.0194622 0.573819
12 0.620082 0.543086 0.361002 0.0182895 0.53072
9 0.984868 0.788728 0.0272665 0.0664459 0.525501
12 0.306844 0.190367 0.310155 0.0157537 0.493339
9 0.98531 0.75038 0.0293795 0.140167 0.467971
12 0.24019 0.37252 0.305463 0.0473523 0.443396
12 0.697194 0.38438 0.513542 0.0208833 0.424043
12 0.635998 0.381326 0.386436 0.0668327 0.420501
12 0.637624 0.356922 0.391531 0.0195826 0.414252
12 0.248421 0.108947 0.194419 0.0171292 0.387925
12 0.26168 0.169936 0.217099 0.0164796 0.375962
12 0.225343 0.149718 0.147123 0.0161092 0.311237
12 0.244972 0.423744 0.325806 0.13159 0.309908
