9 0.42428 0.655201 0.195771 0.136971 0.967554
10 0.507519 0.753603 0.815041 0.245202 0.941667
10 0.501282 0.325959 0.826424 0.173832 0.938229
6 0.275606 0.0797957 0.162041 0.0393937 0.937583
1 0.498784 0.154815 0.207129 0.0292937 0.926139
4 0.779254 0.0605487 0.325905 0.0151186 0.919723
5 0.154956 0.0783962 0.0745445 0.0525376 0.90913
9 0.817636 0.689325 0.200754 0.13002 0.869759
4 0.730618 0.036954 0.233471 0.0176592 0.858438
12 0.25718 0.182953 0.329128 0.0152524 0.858019
12 0.839195 0.160281 0.119688 0.0142788 0.842393
4 0.79814 0.127431 0.221662 0.0148768 0.840546
12 0.860076 0.183919 0.0835438 0.0179912 0.797207
4 0.705215 0.101854 0.178562 0.0135488 0.79547
4 0.681613 0.0808526 0.132084 0.0136462 0.795399
12 0.629403 0.182603 0.143334 0.0171108 0.780553
12 0.177034 0.201468 0.163322 0.0142998 0.756541
12 0.609609 0.202907 0.108022 0.0168478 0.731952
4 0.259515 0.0223836 0.434905 0.0158324 0.716404
12 0.441632 0.540886 0.668137 0.068841 0.680307
12 0.348392 0.493912 0.48971 0.0139397 0.675658
12 0.300432 0.605542 0.396697 0.0150101 0.650959
12 0.262369 0.219635 0.329724 0.0152486 0.64184
2 0.48907 0.919724 0.166032 0.014442 0.612246
12 0.334977 0.438537 0.46747 0.0155306 0.570076
12 0.49297 0.467991 0.779562 0.0354246 0.550067
2 0.488659 0.935337 0.662253 0.0165114 0.52267
12 0.416934 0.586312 0.620372 0.0150304 0.308789
