1 0.502984 0.120188 0.489137 0.0283107 0.938633
9 0.943492 0.517124 0.0604118 0.129547 0.857902
12 0.492468 0.511836 0.772338 0.0720797 0.805041
12 0.492134 0.383127 0.762733 0.0413827 0.799776
12 0.498511 0.217342 0.773449 0.0355604 0.785884
6 0.20379 0.0510441 0.0796894 0.0263409 0.711361
10 0.489997 0.688595 0.764582 0.237245 0.67938
5 0.139726 0.0489414 0.0428735 0.0330475 0.663061
7 0.482029 0.942975 0.112055 0.017864 0.647516
8 0.202042 0.351598 0.17055 0.0151116 0.62224
8 0.173684 0.55502 0.131852 0.0156662 0.592067
8 0.175011 0.240693 0.12363 0.0148554 0.589697
12 0.153986 0.909671 0.112231 0.0170648 0.548412
8 0.234581 0.816446 0.27059 0.0152744 0.526077
8 0.173092 0.425543 0.122087 0.0149559 0.48567
12 0.312241 0.160803 0.39163 0.0216321 0.473499
8 0.175097 0.333513 0.119254 0.0140395 0.456884
12 0.283104 0.260004 0.343093 0.0159613 0.439638
12 0.708134 0.0601025 0.319634 0.0168405 0.401805
12 0.260205 0.314753 0.295411 0.0157578 0.370724
8 0.269054 0.315529 0.317387 0.0156125 0.369912
12 0.435933 0.880189 0.677651 0.0371603 0.361427
12 0.174885 0.425777 0.122406 0.0155196 0.348589
12 0.305887 0.185122 0.379201 0.0177822 0.344827
12 0.275272 0.334343 0.312699 0.0154783 0.333404
12 0.485372 0.452493 0.748184 0.0328937 0.306022
12 0.48297 0.8524 0.776071 0.0484559 0.304013
