10 0.46473 0.434727 0.778148 0.180941 0.937661
1 0.487803 0.0306434 0.213431 0.0306705 0.890147
8 0.15765 0.787843 0.173285 0.0172532 0.839023
8 0.151074 0.319021 0.156212 0.0171856 0.816046
12 0.454287 0.558505 0.750134 0.0407998 0.764935
12 0.484069 0.270824 0.819358 0.0399405 0.764162
12 0.486455 0.739471 0.824918 0.0397661 0.751106
12 0.234384 0.338023 0.323427 0.0164435 0.744705
12 0.352038 0.179739 0.552501 0.0180306 0.7359
12 0.484501 0.815107 0.81499 0.035645 0.722727
12 0.480577 0.200016 0.808855 0.0548762 0.688738
12 0.613672 0.079834 0.231486 0.057334 0.663725
12 0.489272 0.866823 0.820367 0.0565844 0.626086
12 0.235863 0.708134 0.333176 0.0177367 0.579237
8 0.236004 0.338159 0.324054 0.0174438 0.559143
12 0.292905 0.668884 0.437326 0.0184527 0.545128
12 0.218278 0.648514 0.295709 0.01747 0.544272
12 0.600992 0.100082 0.20303 0.0149099 0.526132
12 0.260333 0.628531 0.378963 0.0174912 0.52265
12 0.387919 0.590038 0.603392 0.0197263 0.472754
12 0.414196 0.1364 0.671834 0.0503478 0.455923
12 0.575467 0.0600341 0.148855 0.0160181 0.45459
9 0.963297 0.565289 0.0168211 0.0756522 0.437654
