12 0.506279 0.326904 0.814291 0.121683 0.966498
9 0.636288 0.664265 0.190384 0.13388 0.965581
12 0.505242 0.216424 0.809062 0.0796205 0.959526
10 0.510082 0.704223 0.77069 0.160425 0.957263
9 0.344161 0.685183 0.217503 0.152215 0.954579
12 0.497783 0.112876 0.797161 0.0580375 0.953407
12 0.501855 0.417984 0.799076 0.0422939 0.907821
8 0.180247 0.158548 0.110492 0.0188142 0.903342
12 0.304781 0.584009 0.344695 0.0183682 0.902656
12 0.226741 0.533141 0.194984 0.0180786 0.884006
12 0.495816 0.471816 0.784305 0.0401819 0.871165
12 0.227482 0.558596 0.19593 0.0183162 0.86292
12 0.244327 0.610155 0.233344 0.0191829 0.854465
12 0.477381 0.508436 0.728843 0.0179829 0.473388
