12 0.721954 0.246331 0.208862 0.052499 0.917186
1 0.504065 0.175957 0.268707 0.0330642 0.903492
12 0.502617 0.740023 0.689879 0.0574048 0.892532
12 0.504809 0.534289 0.720823 0.059554 0.873321
12 0.505258 0.459832 0.701876 0.0559208 0.867272
12 0.365537 0.29316 0.417102 0.0188347 0.849133
12 0.498192 0.404187 0.584926 0.0201654 0.840492
12 0.319275 0.816508 0.23677 0.0240067 0.823658
12 0.413755 0.32947 0.469573 0.0199639 0.797421
12 0.380934 0.589574 0.373832 0.021754 0.792402
12 0.423601 0.872341 0.455856 0.0205006 0.787452
12 0.470422 0.685508 0.535652 0.0215199 0.740326
12 0.515266 0.368406 0.661485 0.0235561 0.737578
12 0.277148 0.627151 0.145331 0.0220089 0.656526
9 0.98551 0.348879 0.0277459 0.102518 0.582836
12 0.521551 0.62546 0.624708 0.0230606 0.352619
