9 0.759984 0.413295 0.181832 0.128494 0.979349
9 0.673464 0.73727 0.189625 0.134922 0.976201
9 0.527065 0.802034 0.0954066 0.0676729 0.974622
12 0.680159 0.490945 0.344993 0.222141 0.97032
9 0.393893 0.475927 0.187539 0.130523 0.968257
12 0.447023 0.213715 0.52555 0.133113 0.905951
8 0.248793 0.132406 0.210656 0.0195986 0.888821
9 0.972755 0.531721 0.0487635 0.119988 0.853309
9 0.981206 0.195156 0.0319448 0.0996558 0.85033
12 0.246008 0.501662 0.11654 0.078228 0.85
12 0.284822 0.583167 0.19664 0.037226 0.823371
12 0.50044 0.70021 0.700725 0.0469979 0.81833
8 0.210479 0.334452 0.127958 0.0192754 0.808272
12 0.347616 0.863845 0.302953 0.020685 0.808271
12 0.334372 0.399091 0.298983 0.0377686 0.758156
9 0.983946 0.815537 0.0292375 0.103689 0.701819
12 0.473746 0.756837 0.594466 0.0187017 0.683497
12 0.519889 0.35923 0.665906 0.0198628 0.607315
12 0.368833 0.829962 0.355216 0.0182262 0.492004
12 0.455882 0.793068 0.523828 0.0185652 0.34192
7 0.503193 0.935346 0.0228536 0.0148675 0.303095
