9 0.320806 0.834893 0.217918 0.156498 0.977138
12 0.501443 0.468657 0.757127 0.140785 0.949928
12 0.500917 0.304378 0.75795 0.170571 0.934419
1 0.502661 0.105521 0.292926 0.0355348 0.93049
12 0.653771 0.843476 0.262631 0.0533912 0.929041
12 0.507541 0.589386 0.760036 0.0812712 0.915167
12 0.251726 0.200046 0.261394 0.0213151 0.905522
12 0.503653 0.709396 0.763602 0.0790001 0.885382
12 0.655439 0.918373 0.272513 0.023816 0.864149
12 0.291614 0.169329 0.339083 0.0218182 0.852579
12 0.426856 0.768422 0.551108 0.0227642 0.807728
12 0.530363 0.650006 0.710648 0.0257065 0.718061
12 0.292431 0.844412 0.340445 0.0513434 0.615235
