12 0.506143 0.619713 0.784579 0.0971732 0.960664
12 0.506754 0.842192 0.776752 0.0753793 0.959469
10 0.520981 0.468011 0.808095 0.143686 0.955227
12 0.502726 0.73619 0.776206 0.119756 0.954392
12 0.504804 0.22391 0.77553 0.0556113 0.947705
10 0.506328 0.325713 0.780415 0.0855378 0.947392
12 0.284693 0.154637 0.291594 0.0165435 0.916362
9 0.975652 0.508544 0.0465962 0.127423 0.898985
1 0.505464 0.11033 0.228003 0.0240599 0.884564
12 0.280041 0.179804 0.282437 0.0152228 0.83006
8 0.217765 0.554049 0.151684 0.0138008 0.814064
9 0.982657 0.346954 0.033647 0.103717 0.813586
8 0.29693 0.270042 0.315069 0.0131002 0.794359
