10 0.515522 0.673462 0.771775 0.196878 0.983072
12 0.516418 0.37331 0.77478 0.0763645 0.970637
12 0.518596 0.24153 0.775102 0.118964 0.965948
12 0.515935 0.469951 0.771242 0.0955867 0.960429
12 0.52007 0.1359 0.774074 0.0734895 0.91463
8 0.230419 0.316963 0.145417 0.0165728 0.861695
10 0.512471 0.814943 0.772842 0.0370026 0.851493
8 0.211938 0.53367 0.117878 0.0169228 0.800441
9 0.0308601 0.345683 0.0405162 0.111127 0.766459
9 0.0342126 0.508633 0.0441641 0.134715 0.742299
8 0.20743 0.558449 0.112736 0.0161598 0.530155
