9 0.322197 0.499637 0.216348 0.149863 0.986992
10 0.505713 0.50184 0.770986 0.118031 0.97174
9 0.708457 0.494698 0.190564 0.131789 0.971054
12 0.503019 0.225063 0.778345 0.0567919 0.942356
12 0.499421 0.290526 0.769895 0.0573513 0.930464
12 0.504033 0.16072 0.783257 0.0569071 0.930371
8 0.195937 0.404395 0.114248 0.0175864 0.895599
8 0.216984 0.113105 0.151396 0.0190579 0.85085
12 0.496519 0.373088 0.76507 0.0400241 0.822274
8 0.22968 0.335098 0.175303 0.0174372 0.725098
12 0.500491 0.432022 0.740178 0.0239785 0.4085
