12 0.512069 0.835059 0.790441 0.0789502 0.949342
12 0.511381 0.718746 0.788496 0.0572074 0.949183
12 0.281295 0.129918 0.331646 0.0219496 0.912457
8 0.181762 0.781742 0.128811 0.0187101 0.899257
12 0.232157 0.0887629 0.230777 0.0214899 0.88613
8 0.159639 0.445053 0.0886385 0.0180513 0.879847
12 0.509239 0.393384 0.785164 0.0399799 0.879696
12 0.232051 0.890287 0.164324 0.0170252 0.870979
12 0.510461 0.603646 0.789703 0.0351876 0.868831
12 0.51085 0.181639 0.786637 0.0410113 0.858858
12 0.512024 0.520638 0.782857 0.0368209 0.852273
12 0.512685 0.655832 0.788212 0.0543141 0.845064
12 0.51219 0.288684 0.779746 0.0374681 0.844834
8 0.232266 0.572506 0.223966 0.0195128 0.834509
12 0.509741 0.341567 0.78815 0.0525135 0.822306
12 0.35085 0.466558 0.404119 0.016907 0.814006
8 0.227857 0.23495 0.228352 0.0184582 0.772179
12 0.26853 0.256662 0.232883 0.016556 0.679391
12 0.42829 0.488155 0.543688 0.0171746 0.6365
12 0.231265 0.572283 0.228568 0.018717 0.37586
