9 0.288989 0.820016 0.196225 0.139382 0.976213
12 0.491197 0.476411 0.683298 0.170424 0.970303
9 0.698059 0.831865 0.187625 0.13254 0.966605
12 0.493489 0.327967 0.685839 0.0976126 0.952844
1 0.494994 0.107797 0.111347 0.0222951 0.912454
12 0.274433 0.217305 0.239033 0.0219694 0.911191
12 0.493718 0.713689 0.675914 0.0607934 0.910927
12 0.651027 0.179422 0.36675 0.0230857 0.884479
12 0.49707 0.641669 0.674159 0.058108 0.879952
12 0.580058 0.21721 0.22437 0.021393 0.878382
12 0.262749 0.179748 0.212862 0.0239924 0.876119
12 0.611052 0.826623 0.167587 0.0605092 0.821696
12 0.506292 0.585749 0.640931 0.0263708 0.702167
