6 0.267667 0.105012 0.148102 0.0363177 0.980114
9 0.620832 0.674557 0.206984 0.140569 0.974208
10 0.497326 0.736883 0.725848 0.166843 0.967182
9 0.3474 0.683335 0.179516 0.127785 0.963659
10 0.505073 0.309835 0.77476 0.121694 0.960449
2 0.482711 0.857957 0.239763 0.0129664 0.95731
4 0.677985 0.066687 0.212523 0.0163685 0.954649
5 0.158625 0.103808 0.0677376 0.0486044 0.95313
4 0.720542 0.0876273 0.290146 0.0141924 0.890691
1 0.50434 0.173803 0.191308 0.0265603 0.877768
4 0.635196 0.106731 0.119341 0.0127983 0.871539
12 0.795516 0.20069 0.0761472 0.0149754 0.868285
12 0.802718 0.179648 0.107914 0.0130561 0.858415
12 0.25134 0.199062 0.293079 0.0146021 0.857387
12 0.568144 0.217141 0.0958636 0.0151771 0.832125
4 0.654709 0.125828 0.160835 0.0126721 0.827928
4 0.801827 0.15006 0.196911 0.0136366 0.819592
12 0.545941 0.199901 0.0501507 0.014527 0.815754
8 0.163036 0.39423 0.109844 0.0138512 0.750964
4 0.255073 0.0520149 0.397185 0.0155317 0.738953
12 0.255678 0.232057 0.296811 0.013029 0.688869
12 0.56569 0.510643 0.554503 0.0119052 0.662771
12 0.454407 0.493952 0.193985 0.0127729 0.658946
12 0.177632 0.215637 0.148144 0.0134733 0.654332
12 0.611563 0.462316 0.533816 0.013067 0.632584
12 0.268481 0.625829 0.254187 0.0132096 0.630055
12 0.534868 0.395507 0.662082 0.013867 0.623461
12 0.456351 0.576552 0.642447 0.0150451 0.588077
8 0.195504 0.510143 0.160697 0.0128305 0.53765
2 0.51022 0.871689 0.662239 0.0149707 0.518748
12 0.60069 0.412111 0.57032 0.013069 0.49455
12 0.391858 0.44535 0.352576 0.0122711 0.482131
8 0.222912 0.427661 0.228308 0.0138995 0.449829
12 0.191583 0.47685 0.11377 0.0129824 0.406408
12 0.255866 0.527055 0.243305 0.0123074 0.403897
8 0.221651 0.493283 0.221776 0.0133286 0.39051
12 0.525293 0.611719 0.745742 0.0203011 0.375659
8 0.257311 0.232699 0.303463 0.0143231 0.345435
8 0.179312 0.460589 0.134901 0.0127323 0.324198
12 0.453837 0.560413 0.632426 0.0141279 0.320365
12 0.476014 0.59368 0.301172 0.0134942 0.318316
12 0.599406 0.42901 0.581036 0.0136852 0.31479
