9 0.378869 0.722558 0.196734 0.13899 0.971188
9 0.843468 0.72501 0.195802 0.137044 0.969133
6 0.18801 0.100422 0.110765 0.0281268 0.968588
10 0.51976 0.185871 0.872374 0.06632 0.961958
10 0.515242 0.310317 0.874857 0.176648 0.950917
10 0.52231 0.741928 0.873617 0.20839 0.94733
5 0.106735 0.0992199 0.0489798 0.0343215 0.915357
4 0.832597 0.0891036 0.21681 0.0163988 0.894967
1 0.497773 0.133946 0.168027 0.0316332 0.888619
4 0.815924 0.107736 0.266998 0.0163593 0.884227
2 0.515927 0.886067 0.289984 0.0130227 0.881141
12 0.512278 0.42722 0.860828 0.0422795 0.870921
12 0.504987 0.542215 0.852251 0.0298045 0.840138
12 0.51523 0.61901 0.862072 0.0317569 0.834872
12 0.310679 0.519617 0.452563 0.0133419 0.760286
12 0.224867 0.596272 0.287986 0.0125296 0.754489
12 0.512078 0.497049 0.855332 0.0304886 0.74696
12 0.379026 0.565383 0.586669 0.0132263 0.734171
2 0.512138 0.855389 0.498526 0.0131199 0.727314
12 0.391602 0.581456 0.616502 0.0139363 0.546044
12 0.509135 0.464593 0.858948 0.0280192 0.441349
2 0.492475 0.870201 0.657883 0.0121573 0.413733
12 0.212389 0.626738 0.253076 0.0121856 0.316068
