10 0.479096 0.352071 0.85883 0.310239 0.967522
12 0.489094 0.886127 0.832303 0.0780465 0.942062
1 0.480316 0.0672009 0.216852 0.0280146 0.941755
9 0.963922 0.791664 0.0677757 0.135849 0.914394
12 0.481407 0.700109 0.842522 0.154594 0.884694
12 0.169667 0.0972688 0.24314 0.0179851 0.864998
12 0.442612 0.128171 0.123244 0.0149844 0.862803
12 0.478097 0.156292 0.199747 0.0158448 0.860969
12 0.484169 0.0999867 0.210771 0.0145759 0.80826
12 0.473151 0.536202 0.846024 0.0447032 0.801263
12 0.635379 0.182817 0.502758 0.0145832 0.783349
12 0.241758 0.12682 0.0710546 0.0166439 0.662977
7 0.477827 0.940416 0.0222447 0.0147927 0.660607
12 0.171325 0.126746 0.211596 0.0169791 0.647727
12 0.460235 0.576122 0.816283 0.0169897 0.645444
12 0.337765 0.799808 0.575642 0.0187404 0.586397
8 0.844204 0.798187 0.0638424 0.0157668 0.438587
12 0.0836389 0.182486 0.0641978 0.015523 0.420142
9 0.989302 0.627519 0.0210484 0.0930672 0.409907
12 0.843319 0.826181 0.123744 0.0148553 0.384427
12 0.467478 0.60478 0.638299 0.0139398 0.375959
