10 0.505282 0.67828 0.828673 0.187721 0.978058
4 0.731662 0.0445333 0.232704 0.018473 0.973087
6 0.274094 0.0864785 0.165303 0.0399586 0.966743
9 0.325132 0.608257 0.199115 0.13906 0.963894
5 0.153356 0.0851478 0.0733383 0.051753 0.935282
10 0.497301 0.286598 0.823182 0.0792872 0.935153
12 0.602747 0.190093 0.055176 0.0163434 0.931822
1 0.496729 0.161967 0.206727 0.0297291 0.927366
12 0.492637 0.483142 0.785164 0.089902 0.898239
4 0.796247 0.134723 0.218617 0.0140522 0.896578
12 0.491105 0.360984 0.79073 0.0337214 0.896338
4 0.78087 0.0671709 0.321951 0.0156304 0.888783
12 0.803329 0.191655 0.0683472 0.0152558 0.876736
12 0.175695 0.208468 0.169091 0.0141163 0.870202
12 0.835663 0.167788 0.117083 0.0133848 0.855183
12 0.255495 0.189463 0.32769 0.0164473 0.852584
4 0.681616 0.0880605 0.131092 0.0139112 0.851604
2 0.480394 0.930939 0.266621 0.0142033 0.835356
4 0.701347 0.108809 0.172359 0.0131483 0.833675
12 0.62779 0.209701 0.102568 0.0163277 0.813444
12 0.346063 0.426183 0.489856 0.0146478 0.80955
12 0.497158 0.398645 0.801038 0.0321498 0.807365
12 0.260366 0.22715 0.334236 0.0146421 0.797963
4 0.260553 0.028652 0.439485 0.0172681 0.792471
12 0.207079 0.573678 0.225701 0.0149354 0.767329
12 0.419415 0.537933 0.651333 0.0170128 0.598924
12 0.262438 0.555288 0.328542 0.0158634 0.456307
2 0.487108 0.945331 0.6567 0.0140581 0.382618
