10 0.509452 0.689786 0.776415 0.178401 0.982978
6 0.293912 0.100594 0.157033 0.0375617 0.977022
9 0.354742 0.632773 0.193469 0.134624 0.965943
10 0.51254 0.301748 0.797571 0.0972556 0.961009
5 0.179127 0.0990008 0.0706356 0.0507092 0.957189
4 0.729834 0.0610873 0.221029 0.017897 0.951801
4 0.776681 0.0829563 0.316919 0.0143303 0.934585
1 0.511781 0.173118 0.200116 0.0281944 0.920723
12 0.6226 0.219118 0.102368 0.016463 0.890706
12 0.829826 0.178897 0.115052 0.0133077 0.888069
4 0.70472 0.122913 0.171948 0.013694 0.882314
12 0.274891 0.199304 0.311276 0.0151272 0.866585
4 0.79468 0.147908 0.212965 0.0149087 0.865155
12 0.856733 0.201549 0.0809594 0.0166805 0.859663
4 0.683931 0.103129 0.127455 0.0137503 0.850452
12 0.198289 0.217151 0.156544 0.0140323 0.848388
2 0.490982 0.906452 0.247225 0.0139646 0.834662
12 0.597175 0.200523 0.0564129 0.0155738 0.834441
12 0.507924 0.402263 0.769862 0.0335249 0.796715
12 0.366396 0.42854 0.464579 0.0143964 0.793191
12 0.515244 0.561591 0.766999 0.0343957 0.789536
12 0.50742 0.473968 0.751663 0.0674496 0.765158
4 0.280585 0.0450941 0.419135 0.0161682 0.724275
12 0.276777 0.534992 0.297729 0.0139465 0.714336
12 0.278642 0.234706 0.320172 0.0145828 0.712545
2 0.505529 0.920962 0.750344 0.0145094 0.645396
12 0.459376 0.51764 0.655597 0.0144992 0.587685
12 0.370928 0.374432 0.478828 0.0160769 0.568951
12 0.427085 0.499155 0.531925 0.0167958 0.302764
