9 0.63763 0.664666 0.188663 0.136269 0.954434
12 0.505498 0.326866 0.813411 0.122749 0.94648
9 0.341159 0.68656 0.217391 0.151211 0.941563
10 0.506625 0.703811 0.765772 0.159937 0.940323
12 0.509298 0.215986 0.809228 0.0780837 0.913904
8 0.181039 0.159278 0.109595 0.017844 0.897003
12 0.502695 0.112541 0.811736 0.0602396 0.875855
12 0.504088 0.419285 0.807378 0.0449329 0.809195
12 0.303913 0.583671 0.350846 0.0185299 0.790001
12 0.506598 0.471175 0.801686 0.0371654 0.76765
12 0.245437 0.609638 0.233001 0.017537 0.744919
12 0.229909 0.558506 0.199408 0.018563 0.598234
12 0.498677 0.517491 0.772863 0.038716 0.483453
12 0.488823 0.509061 0.65748 0.0203318 0.32112
