1 0.503817 0.176018 0.272293 0.0342694 0.918762
12 0.430772 0.872068 0.464449 0.0249515 0.847016
12 0.404255 0.32921 0.488271 0.0219704 0.843595
12 0.3682 0.29177 0.42078 0.0213824 0.821841
9 0.983828 0.346813 0.0258937 0.103257 0.744794
12 0.467954 0.685175 0.539752 0.024538 0.728664
12 0.383414 0.589024 0.367247 0.0252092 0.725993
12 0.511843 0.720315 0.654675 0.0230375 0.706253
12 0.510269 0.456867 0.697427 0.0568285 0.651457
12 0.711266 0.227087 0.192334 0.01577 0.631641
12 0.700386 0.264793 0.168322 0.0161307 0.629008
12 0.721276 0.24646 0.209826 0.0541824 0.624664
12 0.318921 0.815796 0.239393 0.023829 0.61167
12 0.511789 0.384891 0.673702 0.0601931 0.609033
12 0.517192 0.53328 0.704821 0.0605187 0.54465
12 0.719768 0.246038 0.212554 0.0153561 0.479444
12 0.509685 0.625517 0.61611 0.0242575 0.385149
12 0.258356 0.758543 0.205382 0.0240224 0.33028
