9 0.393405 0.475489 0.187419 0.132619 0.96627
9 0.675114 0.736689 0.190229 0.134981 0.959866
9 0.759208 0.413773 0.184001 0.129029 0.957897
9 0.527657 0.802439 0.096601 0.0693257 0.882795
8 0.209747 0.334584 0.129562 0.0195093 0.882335
9 0.972487 0.530944 0.0501379 0.122757 0.865766
8 0.24738 0.132338 0.210651 0.0185 0.776836
9 0.980827 0.198555 0.03261 0.10765 0.769794
9 0.98434 0.816359 0.029711 0.105095 0.755659
12 0.335319 0.239206 0.294095 0.0187021 0.728132
12 0.499881 0.702006 0.698217 0.0475896 0.703655
12 0.679418 0.491668 0.345179 0.233848 0.69911
12 0.468408 0.757334 0.560176 0.0210602 0.656778
12 0.344425 0.864494 0.306486 0.0257518 0.602982
12 0.448061 0.184485 0.520051 0.0200919 0.546198
12 0.44902 0.792159 0.524529 0.0206035 0.504227
12 0.455846 0.266809 0.536416 0.0203349 0.487478
12 0.460237 0.828694 0.543771 0.021984 0.454424
12 0.507367 0.358182 0.645364 0.0201188 0.406576
12 0.679067 0.538369 0.340329 0.0376722 0.405278
12 0.335361 0.499674 0.298256 0.0757998 0.364671
12 0.678201 0.581464 0.340255 0.038697 0.307042
12 0.287649 0.582373 0.198334 0.0411825 0.302538
