9 0.320157 0.834233 0.220435 0.15574 0.961819
1 0.503258 0.105679 0.286461 0.0357838 0.933789
12 0.504632 0.587573 0.762581 0.0783072 0.908248
12 0.504916 0.298519 0.76352 0.159804 0.853141
12 0.430655 0.768922 0.545569 0.0257852 0.831163
12 0.292015 0.168725 0.333681 0.0223754 0.829068
12 0.655995 0.918076 0.272396 0.0265604 0.794756
12 0.505866 0.461584 0.764739 0.149777 0.789691
12 0.50132 0.693114 0.764097 0.110019 0.789679
12 0.254493 0.199635 0.257637 0.0213445 0.654478
12 0.677322 0.851989 0.305299 0.0693393 0.449949
12 0.653128 0.827449 0.263379 0.024137 0.360728
8 0.253855 0.200009 0.260288 0.0209243 0.320671
