12 0.50633 0.619198 0.775927 0.100172 0.92991
10 0.524182 0.466885 0.812761 0.143997 0.928178
12 0.50598 0.736576 0.77674 0.11641 0.927412
1 0.505785 0.110827 0.225791 0.025722 0.92717
12 0.505866 0.224545 0.767637 0.0560191 0.922629
12 0.50364 0.84382 0.771229 0.0772881 0.916014
10 0.50824 0.327138 0.780821 0.0837003 0.913328
8 0.300741 0.269427 0.338374 0.0160038 0.880706
9 0.976426 0.509349 0.0449595 0.127879 0.876895
8 0.2161 0.553593 0.153375 0.0159879 0.865031
12 0.285432 0.154276 0.291373 0.0170729 0.834775
9 0.982975 0.346595 0.0328876 0.103239 0.774899
12 0.281284 0.179347 0.279904 0.0164017 0.768199
