10 0.517323 0.674891 0.772846 0.200795 0.936703
8 0.230318 0.316626 0.147705 0.0165286 0.925797
12 0.520555 0.244062 0.778874 0.114635 0.920674
12 0.522588 0.138801 0.778738 0.0760525 0.915242
12 0.516678 0.373912 0.772142 0.0748868 0.909004
12 0.516235 0.471828 0.774376 0.0970349 0.908927
8 0.212373 0.533635 0.119371 0.0166492 0.877315
10 0.510708 0.816331 0.769246 0.0342393 0.783532
9 0.0328698 0.34509 0.0374301 0.116063 0.746324
8 0.207169 0.558389 0.112148 0.0166285 0.697223
9 0.0338046 0.511212 0.0467908 0.132502 0.69644
