9 0.32292 0.498947 0.216349 0.150823 0.963507
9 0.709419 0.494535 0.190649 0.132213 0.957733
8 0.195921 0.404506 0.114436 0.0169221 0.923043
10 0.500948 0.500416 0.773105 0.119046 0.919231
8 0.217548 0.11301 0.152121 0.0184189 0.910106
12 0.499067 0.225264 0.778446 0.0579594 0.880727
12 0.506115 0.161104 0.77897 0.0588611 0.87805
12 0.499104 0.293657 0.77435 0.0585546 0.848018
8 0.229169 0.334791 0.18433 0.0169743 0.82337
12 0.496574 0.371805 0.765482 0.0403914 0.690531
12 0.527999 0.431486 0.644126 0.0186837 0.417371
