8 0.181407 0.781635 0.126429 0.0186455 0.930552
12 0.512688 0.835342 0.786503 0.0805529 0.927008
8 0.159099 0.445026 0.090282 0.0186644 0.913288
8 0.232247 0.572417 0.232135 0.0189395 0.903928
8 0.232019 0.234949 0.231369 0.0182667 0.874598
12 0.508905 0.318902 0.799158 0.0963337 0.785347
12 0.347852 0.466566 0.401123 0.0172428 0.751343
12 0.282549 0.129584 0.327942 0.0202112 0.713519
12 0.514131 0.724104 0.79288 0.0660093 0.704961
12 0.511118 0.603797 0.78568 0.0353297 0.693824
12 0.232132 0.0880933 0.228756 0.0209426 0.687488
12 0.509822 0.655892 0.790391 0.0533261 0.677933
12 0.513378 0.181152 0.7881 0.0410815 0.661311
8 0.266947 0.256609 0.225797 0.0170252 0.658069
12 0.510425 0.287333 0.787932 0.0359091 0.613945
12 0.510728 0.393705 0.788416 0.0415636 0.61191
12 0.513439 0.522672 0.790138 0.0430244 0.570002
12 0.424014 0.488296 0.543789 0.0176345 0.547037
8 0.236309 0.89013 0.158723 0.0170556 0.317887
