9 0.69761 0.831842 0.188345 0.132735 0.969325
9 0.289872 0.818865 0.195525 0.139605 0.969208
12 0.490235 0.475795 0.679409 0.167388 0.932029
12 0.493689 0.327873 0.679249 0.0969495 0.897576
12 0.578068 0.216831 0.224456 0.0222171 0.686681
12 0.272624 0.21712 0.240862 0.0233197 0.67388
1 0.494785 0.108047 0.1112 0.0239629 0.670254
12 0.26005 0.179169 0.216564 0.0259276 0.589133
12 0.494997 0.622369 0.680069 0.0978631 0.589104
12 0.650494 0.178934 0.369695 0.0255924 0.577369
12 0.492557 0.695946 0.634714 0.0286315 0.571774
12 0.589412 0.198461 0.489286 0.0668425 0.424488
12 0.644506 0.805945 0.238355 0.0224104 0.410589
12 0.495335 0.585256 0.66515 0.0277019 0.382092
12 0.632242 0.843412 0.204143 0.0233263 0.332882
