9 0.61974 0.67532 0.210846 0.139117 0.958708
6 0.267371 0.105228 0.145935 0.0366939 0.954407
9 0.348431 0.682563 0.178627 0.125834 0.950223
5 0.15923 0.104004 0.0670574 0.0480418 0.94789
10 0.495981 0.735492 0.736505 0.166371 0.946577
1 0.503575 0.173894 0.18746 0.0263739 0.911119
12 0.251193 0.198779 0.293304 0.0154774 0.847797
12 0.802896 0.179556 0.107092 0.0129587 0.836115
2 0.4838 0.857959 0.2357 0.0119102 0.822039
4 0.719848 0.0877517 0.287114 0.013711 0.821149
12 0.795105 0.200318 0.075426 0.0155199 0.814821
4 0.253794 0.0515041 0.400339 0.014833 0.79956
4 0.655776 0.125627 0.160093 0.0118281 0.787911
4 0.802782 0.149617 0.195802 0.0137555 0.784918
4 0.634364 0.106571 0.118759 0.0126506 0.782801
10 0.509114 0.276159 0.766061 0.0550542 0.777075
4 0.678563 0.0665769 0.209912 0.0164048 0.773974
12 0.56791 0.21714 0.093802 0.0150742 0.754949
12 0.178646 0.215631 0.146938 0.0130384 0.741758
10 0.507552 0.340967 0.768081 0.0620877 0.721646
12 0.509797 0.537944 0.801449 0.0677984 0.702962
12 0.256457 0.232271 0.297025 0.0141936 0.645718
12 0.546156 0.19946 0.0484853 0.0149884 0.589511
2 0.490648 0.871051 0.658458 0.0142934 0.568165
12 0.331833 0.493765 0.436314 0.0134116 0.564103
12 0.505695 0.616682 0.768569 0.0299552 0.549025
12 0.504898 0.470597 0.793399 0.0330858 0.541727
12 0.506503 0.402427 0.779466 0.0311059 0.512436
12 0.261105 0.626013 0.251591 0.0141058 0.494257
12 0.44187 0.576734 0.630224 0.0152333 0.417923
12 0.506378 0.431368 0.784823 0.0407398 0.343321
