9 0.37955 0.72325 0.196124 0.13965 0.967588
10 0.52061 0.742938 0.88001 0.207689 0.938173
9 0.84369 0.725184 0.196787 0.138445 0.935987
5 0.107431 0.0988055 0.0506848 0.0347931 0.909079
1 0.500585 0.134092 0.168201 0.0312197 0.904885
10 0.517539 0.30898 0.875867 0.175715 0.876333
6 0.188666 0.100414 0.108853 0.0276531 0.873786
4 0.839798 0.0890535 0.218708 0.0161337 0.828041
12 0.51193 0.543365 0.86671 0.0307722 0.757517
12 0.313494 0.519379 0.457912 0.0134125 0.751484
12 0.51314 0.426377 0.862345 0.0426426 0.73037
12 0.386868 0.564972 0.60494 0.0146284 0.715838
4 0.813788 0.107443 0.269942 0.0159762 0.709561
12 0.509664 0.497475 0.864326 0.0304646 0.656475
12 0.513977 0.618196 0.868853 0.0316241 0.638462
2 0.514914 0.88613 0.294983 0.0138528 0.630181
12 0.221761 0.596116 0.286972 0.0128163 0.53316
2 0.508094 0.854838 0.485655 0.0134924 0.497574
12 0.509272 0.460536 0.866998 0.0374064 0.487536
2 0.511278 0.869976 0.666361 0.0151544 0.473862
12 0.389906 0.581007 0.618085 0.0143724 0.456047
10 0.525978 0.185101 0.885257 0.0634422 0.45075
10 0.518066 0.224479 0.869028 0.145222 0.348005
