9 0.873747 0.0564781 0.198292 0.0696949 0.896501
12 0.507919 0.69136 0.493165 0.0253551 0.863481
6 0.320754 0.0988792 0.229164 0.0472787 0.85056
12 0.473375 0.845926 0.419666 0.0281642 0.841476
5 0.165943 0.0981148 0.0750216 0.0458262 0.827678
12 0.523226 0.37417 0.334911 0.0242214 0.816291
12 0.518915 0.729691 0.516497 0.0233867 0.760134
1 0.496847 0.296499 0.559265 0.0378398 0.670004
12 0.570565 0.769191 0.62 0.0263243 0.556822
12 0.569501 0.786096 0.617394 0.0608916 0.481242
1 0.290486 0.099516 0.286681 0.0504792 0.430682
