12 0.48779 0.894499 0.831463 0.0949629 0.929548
10 0.475734 0.350055 0.858434 0.307188 0.90453
9 0.962862 0.792862 0.0657773 0.135323 0.890005
12 0.486318 0.0994862 0.207579 0.0148366 0.872441
1 0.480084 0.0671893 0.214518 0.0290315 0.864377
12 0.479661 0.156165 0.196585 0.0159016 0.844467
12 0.441125 0.127594 0.122855 0.0156505 0.83074
12 0.170516 0.0970371 0.241301 0.0169812 0.797289
12 0.643104 0.182993 0.52205 0.0149573 0.754233
12 0.243509 0.1266 0.0633052 0.0151862 0.690734
12 0.48305 0.699406 0.837125 0.150593 0.653446
12 0.445157 0.604339 0.648651 0.0165472 0.618882
9 0.986328 0.627892 0.01979 0.0895307 0.610693
12 0.472959 0.535455 0.842436 0.0448133 0.584285
12 0.082797 0.182482 0.0650252 0.0152084 0.580878
12 0.483563 0.745211 0.84084 0.0645983 0.54428
12 0.423894 0.579384 0.64896 0.0220618 0.50435
12 0.474227 0.58728 0.82707 0.0401799 0.486419
12 0.164413 0.128083 0.231719 0.018474 0.337592
