10 0.50657 0.678746 0.829139 0.183457 0.956474
9 0.32517 0.607914 0.197271 0.137613 0.956258
6 0.275545 0.0867438 0.163365 0.0389855 0.937626
5 0.153553 0.0846402 0.0728024 0.0507964 0.928809
10 0.495342 0.284524 0.817405 0.0816219 0.915189
1 0.498231 0.161573 0.208067 0.0293129 0.885764
2 0.479778 0.93066 0.261865 0.0138671 0.871019
12 0.174976 0.208201 0.160798 0.0138299 0.857793
4 0.733109 0.0440617 0.23431 0.0183809 0.857292
12 0.255479 0.189079 0.327386 0.0165694 0.844537
4 0.775509 0.0674242 0.323449 0.0149106 0.844071
4 0.795252 0.134863 0.221036 0.0154452 0.83395
4 0.681796 0.0881929 0.131525 0.0137099 0.827219
12 0.836353 0.167595 0.120861 0.0145479 0.821103
12 0.628334 0.209763 0.104716 0.0169225 0.816654
4 0.706626 0.108864 0.181024 0.0134008 0.797683
4 0.259841 0.0285992 0.443443 0.0172801 0.789953
12 0.801786 0.19139 0.0700317 0.0163098 0.768629
12 0.49589 0.399267 0.795571 0.0332304 0.74885
12 0.601114 0.189706 0.0540243 0.0166987 0.734086
12 0.496557 0.360783 0.803034 0.0378091 0.733144
12 0.344127 0.425616 0.485618 0.0156625 0.695517
12 0.491113 0.48358 0.785356 0.089364 0.669331
12 0.259753 0.226641 0.333738 0.0161185 0.639729
12 0.422569 0.537939 0.650481 0.018398 0.535718
12 0.226058 0.574074 0.264938 0.0151595 0.49333
12 0.257184 0.554616 0.314408 0.0152602 0.46672
2 0.533678 0.946585 0.660225 0.0155782 0.394891
12 0.393096 0.44419 0.587378 0.0158458 0.383302
