9 0.355685 0.632841 0.191161 0.13602 0.954522
10 0.508343 0.68692 0.775783 0.175362 0.947659
6 0.293853 0.100708 0.157452 0.0381348 0.932077
10 0.50956 0.299808 0.79127 0.0941307 0.929335
1 0.512493 0.173295 0.195208 0.0283066 0.924403
5 0.178583 0.0986437 0.0688787 0.0494196 0.9104
4 0.775095 0.0831788 0.314037 0.0147652 0.880924
4 0.731716 0.0605322 0.223804 0.0175177 0.868217
12 0.830423 0.178935 0.114275 0.0140286 0.85649
12 0.276466 0.199245 0.307933 0.0159973 0.842942
4 0.796951 0.147639 0.209518 0.014129 0.834782
12 0.199216 0.216819 0.157267 0.0133652 0.831393
4 0.684696 0.103185 0.125941 0.0133351 0.825191
2 0.494943 0.906505 0.250215 0.0135878 0.816046
12 0.624918 0.219044 0.103118 0.0166432 0.790781
12 0.370658 0.374149 0.490571 0.0168356 0.777806
12 0.281703 0.234498 0.31966 0.0154216 0.773431
4 0.706567 0.123069 0.172182 0.0133776 0.770174
4 0.279118 0.044708 0.422624 0.0169942 0.769086
12 0.856891 0.201108 0.0812506 0.0174094 0.750859
12 0.507224 0.402287 0.759101 0.0318053 0.747794
2 0.509616 0.92222 0.756701 0.0159203 0.685877
12 0.513002 0.562544 0.763956 0.0385193 0.680489
12 0.59587 0.200193 0.0536501 0.0163049 0.621336
12 0.361628 0.428096 0.459025 0.014374 0.590501
12 0.507935 0.473771 0.752392 0.067689 0.514508
12 0.477899 0.518679 0.54317 0.0152554 0.489157
12 0.276469 0.534488 0.302609 0.0140312 0.446959
12 0.452376 0.499356 0.537343 0.0166051 0.402425
