9 0.636663 0.664342 0.18718 0.133486 0.950311
12 0.502502 0.216579 0.811747 0.0770354 0.926549
12 0.509204 0.328834 0.817162 0.1217 0.920278
9 0.34175 0.689396 0.213647 0.146088 0.900069
10 0.507246 0.704361 0.765837 0.160157 0.896943
8 0.181194 0.158928 0.108539 0.0181375 0.888807
12 0.228348 0.558312 0.198795 0.0183897 0.845199
12 0.50579 0.418676 0.810289 0.0424368 0.837992
12 0.501714 0.112926 0.810124 0.0605839 0.834267
12 0.500832 0.46993 0.791297 0.0370159 0.78288
12 0.300813 0.584403 0.341934 0.0180197 0.774049
12 0.227382 0.532921 0.200684 0.0180628 0.66874
12 0.24514 0.609922 0.231508 0.0176847 0.59949
12 0.489254 0.508819 0.66226 0.0196672 0.506434
12 0.492625 0.519067 0.746699 0.0383695 0.365406
