12 0.431255 0.872217 0.465889 0.0248594 0.860367
1 0.501411 0.176692 0.272715 0.032319 0.853705
12 0.463984 0.684223 0.550045 0.0234282 0.817289
12 0.71945 0.246902 0.208472 0.0523256 0.807915
9 0.985899 0.350233 0.0282026 0.105089 0.776168
12 0.381053 0.589285 0.370527 0.0235608 0.717586
12 0.701292 0.265118 0.168361 0.0154026 0.691175
12 0.366865 0.292153 0.421597 0.0227573 0.688225
12 0.504207 0.45712 0.695065 0.0553704 0.669879
12 0.403965 0.32943 0.487146 0.0227949 0.624687
12 0.318272 0.816761 0.243698 0.0235767 0.587578
12 0.711756 0.226999 0.187282 0.0147524 0.585199
12 0.510929 0.383985 0.683024 0.0619511 0.574405
12 0.257013 0.758825 0.206293 0.0222762 0.564706
12 0.511113 0.72034 0.66188 0.0245011 0.55871
12 0.498805 0.403723 0.608341 0.0233208 0.546341
12 0.515846 0.366506 0.648468 0.0252408 0.400612
12 0.533508 0.515514 0.661651 0.0276308 0.39528
12 0.719338 0.246123 0.208004 0.0143702 0.386089
12 0.276185 0.626778 0.149895 0.0230901 0.362362
12 0.509685 0.739063 0.692204 0.06526 0.345048
