9 0.759651 0.413038 0.178444 0.129053 0.940687
9 0.393427 0.476399 0.185209 0.132731 0.939929
9 0.673727 0.736575 0.191719 0.135347 0.939087
9 0.527673 0.802734 0.0954797 0.069973 0.863283
8 0.208358 0.334478 0.129237 0.0194821 0.846793
9 0.98085 0.194458 0.0295667 0.100331 0.795007
8 0.246252 0.132359 0.20891 0.019478 0.794994
9 0.973379 0.530384 0.0463752 0.118306 0.790345
12 0.467991 0.757673 0.569356 0.0202491 0.778184
12 0.340322 0.239388 0.299134 0.0174572 0.759307
9 0.983336 0.814783 0.0289005 0.106888 0.740247
12 0.477174 0.792437 0.575449 0.0203619 0.732094
12 0.505248 0.70069 0.690585 0.0451186 0.731926
12 0.343317 0.865519 0.301521 0.0259553 0.710033
12 0.45713 0.2668 0.529176 0.0205267 0.650553
12 0.449921 0.184047 0.515774 0.019533 0.594657
12 0.285118 0.592887 0.195824 0.0204872 0.588907
12 0.33346 0.500453 0.295879 0.0778902 0.56397
12 0.235923 0.532404 0.0952476 0.0188789 0.555313
12 0.397113 0.828314 0.419029 0.0221864 0.521701
12 0.316328 0.157253 0.25509 0.0180696 0.511203
12 0.684072 0.493769 0.353635 0.22563 0.428309
12 0.285563 0.581502 0.189208 0.0377944 0.418849
12 0.678667 0.498217 0.335992 0.0950713 0.388852
12 0.677489 0.569771 0.340343 0.0167988 0.388088
12 0.247941 0.132147 0.209284 0.0187535 0.370969
12 0.517067 0.377582 0.683751 0.0539653 0.307255
