9 0.320712 0.8341 0.218046 0.152618 0.940527
12 0.502515 0.587837 0.759651 0.0787132 0.900084
12 0.505879 0.467288 0.758479 0.140663 0.898411
12 0.506731 0.309539 0.75972 0.17968 0.895038
1 0.503237 0.105665 0.296238 0.0355481 0.815207
12 0.505826 0.693175 0.760288 0.10952 0.79726
12 0.433244 0.769342 0.541224 0.0263454 0.739218
12 0.655044 0.918408 0.270492 0.0240539 0.715309
12 0.288158 0.169107 0.335214 0.0235146 0.702097
12 0.652699 0.845374 0.266202 0.0570577 0.614394
12 0.29124 0.844734 0.337129 0.0557821 0.510252
12 0.251783 0.199807 0.253811 0.0221702 0.365501
