12 0.508369 0.735168 0.778621 0.117461 0.941837
10 0.52281 0.467712 0.803677 0.146948 0.93863
12 0.505911 0.618504 0.773616 0.0970991 0.934867
12 0.50639 0.843765 0.778747 0.0771631 0.929746
8 0.217471 0.554006 0.154665 0.0153979 0.913887
10 0.510803 0.328013 0.778163 0.0866283 0.890951
8 0.305448 0.269597 0.327436 0.0156586 0.879866
12 0.505389 0.224128 0.77297 0.0555156 0.877135
1 0.505074 0.110517 0.22575 0.025331 0.876243
9 0.975444 0.50939 0.0460055 0.125835 0.862102
12 0.284178 0.154674 0.288094 0.0166557 0.843243
12 0.28102 0.179327 0.281208 0.0162313 0.837974
9 0.983717 0.346498 0.0325029 0.103035 0.806021
