1 0.496148 0.437702 0.420926 0.0591846 0.926764
12 0.497145 0.494869 0.403554 0.0244579 0.85806
9 0.833042 0.0809086 0.107991 0.0323962 0.794292
12 0.489433 0.886199 0.266305 0.0261024 0.780452
12 0.493939 0.533204 0.354504 0.0235865 0.755859
1 0.493304 0.235717 0.596119 0.0985423 0.742026
12 0.491599 0.847169 0.471571 0.100698 0.682713
12 0.497201 0.265528 0.584437 0.0354261 0.572566
12 0.491574 0.810697 0.47389 0.0262695 0.495654
1 0.500854 0.207523 0.390933 0.0340731 0.422822
12 0.492858 0.848445 0.470183 0.0238784 0.40931
