11 0.208129 0.558024 0.113047 0.0167496 0.973077
10 0.518252 0.674993 0.776418 0.19613 0.947777
12 0.516116 0.374556 0.776264 0.0755555 0.941619
8 0.229617 0.316548 0.147188 0.0167339 0.934346
12 0.521787 0.136524 0.783758 0.0746072 0.932803
12 0.517545 0.470849 0.774958 0.096548 0.90852
8 0.212719 0.533943 0.117858 0.0173362 0.888125
12 0.520508 0.243913 0.774848 0.117813 0.876471
9 0.0319533 0.347404 0.0396401 0.10849 0.80384
10 0.532929 0.817912 0.661833 0.0330606 0.699936
9 0.035406 0.511715 0.0504677 0.129702 0.382018
