9 0.322257 0.499195 0.212228 0.151576 0.960127
9 0.709037 0.496157 0.187425 0.129979 0.939947
8 0.218059 0.112386 0.153248 0.0178429 0.899231
12 0.502653 0.226541 0.790844 0.0562817 0.881958
12 0.501808 0.160762 0.790178 0.056954 0.868201
12 0.497471 0.293235 0.775653 0.0581539 0.86261
8 0.197118 0.404429 0.114559 0.0169311 0.847457
10 0.506149 0.502959 0.784296 0.113949 0.81903
12 0.499014 0.372234 0.755295 0.0393808 0.781129
8 0.229979 0.334722 0.184484 0.017738 0.775691
12 0.510354 0.432093 0.659298 0.0202628 0.572649
