8 0.229569 0.235053 0.237209 0.0178288 0.903714
8 0.232144 0.572455 0.231145 0.0179911 0.888976
12 0.513642 0.835392 0.789372 0.0790033 0.884584
8 0.181996 0.781478 0.128317 0.0189539 0.8824
8 0.159322 0.445217 0.0896429 0.0179152 0.828855
12 0.515211 0.3397 0.793934 0.0526813 0.827058
12 0.283203 0.12981 0.327609 0.019707 0.801451
12 0.512167 0.287831 0.775275 0.0353104 0.776491
12 0.511671 0.181683 0.795207 0.0429654 0.764456
12 0.515607 0.393326 0.787425 0.0388962 0.758735
12 0.512449 0.656368 0.79613 0.0549922 0.744
12 0.513823 0.720291 0.793682 0.0566713 0.741998
12 0.424614 0.488635 0.535595 0.0171746 0.72645
12 0.344845 0.466099 0.414506 0.017621 0.708765
12 0.231739 0.0882461 0.230901 0.0214053 0.689218
12 0.511567 0.604646 0.787314 0.0368543 0.670643
8 0.266683 0.256505 0.232543 0.0178409 0.663466
12 0.518653 0.522579 0.793988 0.0410499 0.650037
12 0.267042 0.256506 0.230715 0.0172546 0.489962
