9 0.697934 0.831507 0.18294 0.13132 0.970885
12 0.492467 0.475772 0.681782 0.167524 0.944515
9 0.289423 0.820414 0.19343 0.1362 0.934042
12 0.493275 0.326061 0.681789 0.0937737 0.899105
12 0.578477 0.217167 0.226034 0.0216498 0.726156
1 0.493924 0.108412 0.109153 0.0240537 0.725068
12 0.649234 0.179255 0.369967 0.0244728 0.717449
12 0.274409 0.217191 0.239588 0.0222474 0.705433
12 0.261859 0.17952 0.213949 0.0251449 0.667496
12 0.49756 0.622636 0.66867 0.102365 0.612833
12 0.494615 0.711271 0.680036 0.0572682 0.535273
12 0.500455 0.58474 0.617326 0.026443 0.426982
12 0.642781 0.806013 0.232105 0.0249279 0.351832
