9 0.348218 0.682923 0.179948 0.125055 0.950454
9 0.621785 0.676023 0.207306 0.141656 0.941745
10 0.499012 0.735667 0.736158 0.167552 0.926025
6 0.267591 0.105315 0.145218 0.0355242 0.918599
10 0.509002 0.310711 0.766668 0.122372 0.896553
5 0.158839 0.103927 0.0660506 0.0478386 0.883048
1 0.504456 0.173554 0.189323 0.0249984 0.860836
4 0.678908 0.0666338 0.208967 0.0160508 0.853468
12 0.803325 0.179571 0.110037 0.0128508 0.839013
12 0.254635 0.199026 0.294046 0.014386 0.829345
12 0.504033 0.40102 0.773751 0.0312404 0.811962
4 0.634877 0.106619 0.11951 0.0127192 0.799868
4 0.719283 0.0876994 0.288712 0.0134632 0.796955
4 0.802705 0.149741 0.199038 0.0133115 0.796673
12 0.568672 0.217169 0.0968643 0.0155843 0.79149
4 0.655737 0.125559 0.160539 0.0116579 0.763144
4 0.253875 0.0527543 0.395711 0.0155894 0.755109
12 0.17794 0.215394 0.147628 0.013543 0.748204
12 0.546328 0.199966 0.051138 0.0134061 0.747033
12 0.795913 0.200437 0.0743599 0.0149887 0.742112
2 0.487207 0.85777 0.234281 0.0124704 0.717976
12 0.257834 0.232426 0.295726 0.0135246 0.681247
12 0.499987 0.540831 0.780889 0.0702311 0.655648
12 0.320841 0.493646 0.41715 0.0138644 0.638549
12 0.503828 0.620011 0.773033 0.0352466 0.622294
12 0.507132 0.473246 0.790319 0.0342909 0.560128
12 0.502585 0.432989 0.781368 0.0380678 0.500216
2 0.488356 0.87129 0.666804 0.0151499 0.485867
8 0.200872 0.493451 0.184532 0.0129534 0.367679
8 0.159713 0.394276 0.101566 0.0130378 0.318882
12 0.45756 0.494165 0.187071 0.0129353 0.305231
