9 0.378307 0.722904 0.194843 0.138087 0.940553
10 0.518653 0.308766 0.878481 0.180854 0.939504
10 0.520747 0.743309 0.874574 0.2077 0.937005
6 0.189494 0.100538 0.107006 0.027548 0.88733
1 0.498302 0.133792 0.164266 0.0297335 0.866547
5 0.107243 0.0989611 0.0513961 0.0344572 0.865281
9 0.84328 0.723784 0.192899 0.138608 0.861723
4 0.838209 0.0891493 0.220222 0.0154471 0.855625
12 0.515895 0.618065 0.853836 0.0290339 0.824979
12 0.383424 0.564983 0.606243 0.0143659 0.773588
10 0.520756 0.183748 0.875727 0.0615184 0.766821
2 0.512324 0.854975 0.448082 0.0134473 0.713602
12 0.510823 0.42478 0.866683 0.0387715 0.713224
12 0.310063 0.5192 0.45985 0.0126927 0.694528
12 0.391013 0.581549 0.618387 0.0141661 0.693956
12 0.510935 0.542762 0.851008 0.0327878 0.683849
2 0.515088 0.886117 0.298542 0.0135699 0.665103
12 0.510383 0.498515 0.858153 0.0336412 0.661971
12 0.223518 0.595889 0.288967 0.0125646 0.578153
4 0.814142 0.107522 0.270176 0.0161225 0.568023
12 0.812795 0.107341 0.271934 0.0155571 0.447243
12 0.513283 0.458117 0.872429 0.0326249 0.377458
2 0.532951 0.870293 0.665079 0.0160189 0.361465
11 0.251972 0.208728 0.337716 0.0161318 0.350432
