9 0.96418 0.79084 0.0684808 0.134765 0.877265
12 0.486164 0.700355 0.834522 0.162801 0.870945
1 0.478995 0.0670803 0.216205 0.0278021 0.86613
12 0.48518 0.0999009 0.208372 0.0153573 0.85783
12 0.481127 0.155696 0.199643 0.0161053 0.853776
12 0.168045 0.0974482 0.23956 0.0156168 0.847269
10 0.478656 0.34668 0.861207 0.303539 0.840227
12 0.442066 0.127631 0.120705 0.0152417 0.822296
12 0.33687 0.798603 0.568122 0.0176027 0.808435
12 0.641117 0.182497 0.52536 0.0167184 0.789565
12 0.492662 0.890308 0.830177 0.0858714 0.764406
12 0.243532 0.126701 0.0639947 0.0146374 0.653415
12 0.423362 0.605759 0.651098 0.0172732 0.603493
9 0.986618 0.630022 0.0185307 0.0879041 0.566176
12 0.471506 0.531495 0.838721 0.0360891 0.526901
12 0.842541 0.825873 0.119053 0.0162389 0.454449
12 0.844181 0.798101 0.0638399 0.0163037 0.447109
12 0.218252 0.497261 0.329715 0.0159382 0.442635
12 0.163806 0.127369 0.230583 0.0179473 0.442262
12 0.0699567 0.125997 0.0398015 0.0148733 0.33869
12 0.0834557 0.182045 0.0661277 0.0151629 0.327365
7 0.476255 0.940423 0.0167507 0.0148924 0.319193
8 0.0832126 0.182227 0.0669094 0.01564 0.301241
