9 0.326031 0.606382 0.197246 0.139267 0.979926
10 0.50851 0.679528 0.831119 0.188001 0.942739
5 0.154136 0.0847201 0.0751682 0.0517007 0.914046
6 0.276283 0.0865845 0.161171 0.0395796 0.907212
10 0.498776 0.286219 0.823067 0.0792075 0.902579
4 0.77864 0.0669137 0.32355 0.0159496 0.882611
1 0.497181 0.16141 0.207315 0.0297903 0.863192
4 0.732299 0.0441683 0.235546 0.0178174 0.85068
12 0.627911 0.209822 0.106149 0.0178779 0.84221
12 0.256299 0.189527 0.332774 0.016896 0.840928
12 0.802479 0.191518 0.0671697 0.0154149 0.82531
12 0.175343 0.208363 0.164646 0.0142762 0.81689
4 0.795811 0.134781 0.223185 0.0147985 0.815761
12 0.497476 0.359321 0.793954 0.0371691 0.797744
4 0.681331 0.0880863 0.132313 0.0139057 0.797017
12 0.602233 0.19005 0.0552754 0.0159153 0.788306
4 0.705662 0.108855 0.179708 0.013045 0.774802
12 0.835984 0.167413 0.117625 0.0142045 0.769426
2 0.480982 0.930736 0.259876 0.0139239 0.762883
4 0.256338 0.0288398 0.435879 0.0169822 0.760502
12 0.418567 0.536987 0.638449 0.0154686 0.733744
12 0.49425 0.399161 0.791723 0.031937 0.713839
12 0.345458 0.425413 0.487717 0.0151605 0.673245
12 0.261622 0.227146 0.328791 0.0157506 0.635168
12 0.220557 0.573933 0.25343 0.0151188 0.627061
12 0.483172 0.486319 0.780494 0.0943323 0.578808
2 0.488552 0.946701 0.66199 0.0160615 0.57493
12 0.24817 0.554937 0.297228 0.0143085 0.52428
8 0.216731 0.388238 0.237682 0.0151731 0.307174
