9 0.355893 0.632536 0.189666 0.134332 0.945005
10 0.508361 0.688873 0.775835 0.179077 0.941036
10 0.514591 0.301857 0.793743 0.0954928 0.91523
6 0.295541 0.100985 0.152856 0.0379409 0.912905
5 0.178503 0.0988098 0.0714719 0.0494878 0.892528
1 0.513369 0.173784 0.196539 0.0282779 0.891923
12 0.276946 0.19941 0.307872 0.0155803 0.865989
4 0.731047 0.0608105 0.224943 0.0173677 0.860815
4 0.775025 0.0827738 0.309398 0.0143694 0.834304
4 0.683218 0.103244 0.128585 0.0132948 0.818786
12 0.625012 0.21897 0.105205 0.0171966 0.804892
12 0.830046 0.178556 0.115606 0.0135416 0.802877
12 0.200269 0.216584 0.158207 0.0134118 0.799192
4 0.796262 0.147377 0.215094 0.0140264 0.793122
4 0.706025 0.12251 0.170912 0.0130468 0.784171
12 0.856408 0.201319 0.0801885 0.0172121 0.782844
12 0.507634 0.402612 0.758301 0.0321877 0.776818
2 0.493988 0.906326 0.247189 0.0134414 0.753338
4 0.28005 0.0450237 0.422101 0.016454 0.720354
12 0.50557 0.472857 0.761653 0.0685982 0.702081
12 0.509452 0.563189 0.781877 0.0374296 0.695883
12 0.596049 0.200525 0.0503829 0.0152777 0.690723
12 0.281194 0.23446 0.319985 0.0152061 0.675132
12 0.367147 0.428573 0.459122 0.0143382 0.649062
12 0.438939 0.518144 0.624347 0.0152535 0.60262
12 0.371414 0.373779 0.492751 0.0161794 0.597443
12 0.273282 0.534564 0.289604 0.0142291 0.596409
8 0.236696 0.427467 0.220904 0.0144122 0.406403
2 0.511713 0.920858 0.661774 0.0159333 0.396671
